public/data/weather/current/current-wind-surface-level-gfs-1.0.json
{"header": { "discipline":0, "disciplineName":"Meteorological products", "gribEdition":2, "gribLength":77777, "center":7, "centerName":"US National Weather Service - NCEP(WMC)", "subcenter":0, "refTime":"2025-12-01T00:00:00.000Z", "significanceOfRT":1, "significanceOfRTName":"Start of forecast", "productStatus":0, "productStatusName":"Operational products", "productType":1, "productTypeName":"Forecast products", "productDefinitionTemplate":0, "productDefinitionTemplateName":"Analysis/forecast at horizontal level/layer at a point in time", "parameterCategory":2, "parameterCategoryName":"Momentum", "parameterNumber":2, "parameterNumberName":"U-component_of_wind", "parameterUnit":"m.s-1", "genProcessType":2, "genProcessTypeName":"Forecast", "forecastTime":0, "surface1Type":103, "surface1TypeName":"Specified height level above ground", "surface1Value":10.0, "surface2Type":255, "surface2TypeName":"Missing", "surface2Value":0.0, "gridDefinitionTemplate":0, "gridDefinitionTemplateName":"Latitude_Longitude", "numberPoints":65160, "shape":6, "shapeName":"Earth spherical with radius of 6,371,229.0 m", "gridUnits":"degrees", "resolution":48, "winds":"true", "scanMode":0, "nx":360, "ny":181, "basicAngle":0, "lo1":0.0, "la1":90.0, "lo2":359.0, "la2":-90.0, "dx":1.0, "dy":1.0 }, "data":
[rows 25 to 49 of 181, columns 285 to 341 of 360]
-0.9154224,-3.8154223,-3.3354223,-2.9954224,-4.8054223,-3.4454224,-2.1354225,-0.39542237,2.7645776,1.1045777,-0.69542235,-0.95542234,2.3045776,3.0845776,4.554578,6.074578,7.1845775,8.064578,7.8945775,8.4145775,8.364577,7.8945775,7.7945776,-2.1054223,-0.87542236,-2.0254223,-0.005422363,0.29457763,-2.4354224,-2.6154222,-2.7954223,1.7045777,2.9245777,4.6245775,3.6745777,4.1545777,-2.5654223,-7.5354223,-11.725422,-14.355422,-15.285422,-14.915422,-14.845423,-14.6254225,-14.935422,-14.385423,-13.685422,-13.325422,-13.065422,-13.895422,-13.985422,-13.715423,-7.0854225,-6.8454223,-8.3354225,-10.415422,-11.405422
6.9445777,2.4745777,-3.3654222,-2.2554224,-2.1254225,-1.7054224,-0.76542234,-3.2854223,-2.4154224,-1.6154224,2.6045775,1.3945776,2.3745775,3.1445777,2.1545777,1.6945777,2.8745775,4.8345776,7.3345776,6.764578,7.6745777,7.7945776,7.1545777,3.2445776,-0.8454224,0.91457766,0.69457763,0.44457763,-3.6454225,-3.8854225,-4.6454225,-1.7754223,2.1545777,4.8845778,1.9145776,-6.8354225,-8.385423,-8.905422,-11.655422,-13.3754225,-13.155422,-14.115422,-14.1254225,-17.855423,-19.515423,-19.475422,-17.825422,-16.665422,-16.925423,-18.415422,-20.715422,-20.405422,-18.915422,-14.495422,-12.715423,-11.985422,-12.305423
2.5645776,0.5145776,-1.2954223,0.124577634,-2.3654222,-2.5254223,-1.9254223,-0.14542237,-6.5454226,-2.9154224,-0.86542237,-3.1954224,-2.7354224,-2.6154222,-0.9054224,1.3545777,3.4445777,4.4445777,5.2245774,7.6545777,7.594578,7.804578,7.1945777,6.074578,2.2245777,-1.5454223,0.13457763,-1.5354223,-3.4354224,-4.1654224,-4.175422,3.0545776,2.7545776,3.4045777,-5.8754225,-4.885422,-5.1154222,-7.8754225,-9.425423,-10.475422,-7.7254224,-8.275422,-11.3754225,-5.3154225,-1.2454224,-5.4554224,-11.845423,-11.595423,-9.865422,-15.345423,-14.6254225,-12.045423,-17.385422,-22.085423,-20.785423,-22.685423,-21.215422
-0.77542233,-1.5254223,2.2345777,0.63457763,0.18457764,0.6445776,3.0945776,4.614578,6.1245775,4.514578,6.6245775,7.5845776,6.594578,9.564578,8.384578,6.9045777,4.1545777,2.6045775,5.1645775,5.5045776,7.1745777,7.4945774,7.1945777,7.344578,7.284578,5.4845777,-0.035422362,0.42457762,-3.2454224,-5.1854224,-4.3054223,2.3145776,5.304578,-0.7954224,-3.2654223,-1.4054223,-0.15542236,-2.8054223,-4.7554226,-3.4154224,-2.9354224,-3.6254225,-4.3954225,-5.3654222,-6.5554223,-6.655422,-5.6154222,-6.0354223,-5.3954225,-2.1854224,-0.08542237,-0.6054224,-1.7854223,-2.6754224,-5.2954226,-5.3154225,-3.7954223
-2.4854224,-1.9954224,-2.2354224,-0.10542236,1.4645777,3.7745776,5.6045775,5.9245777,6.8845778,7.5045776,6.9445777,7.2045774,8.054578,4.5045776,4.1345778,5.9345775,4.7745776,3.5445776,4.6645775,5.9445777,7.5445776,6.9545774,7.5845776,9.044578,8.974578,8.6645775,9.174578,9.134578,-0.47542235,-2.0954223,-3.8354223,3.5845776,4.534578,-0.7954224,1.3245777,3.4745777,2.5445776,0.55457765,0.06457764,-4.5854225,-4.0754223,-4.2954226,-4.6254225,-6.5554223,-5.8454223,-5.235422,-7.0254226,-6.6854224,-5.905422,-5.0354223,-3.4554224,-1.5454223,-0.06542236,-0.005422363,1.6845776,4.1245775,6.4045777
2.6345778,3.2745776,3.4545777,3.7145777,4.594578,4.554578,6.6345778,7.6045775,6.2245774,7.2445774,1.9945776,3.0745776,4.7345777,0.94457763,0.74457765,2.2645776,4.9445777,5.364578,4.4845777,5.1945777,6.344578,8.514578,8.574577,9.194577,10.754578,10.534577,10.864577,12.684578,16.504578,16.704578,7.4645777,0.36457765,3.4945776,0.75457764,4.4145775,6.514578,10.684578,9.094578,5.1845775,4.844578,-0.14542237,-2.9954224,-4.1054225,-4.715422,-5.425422,-8.075422,-9.605422,-10.695422,-10.605422,-10.145422,-9.215423,-6.965422,-5.2054224,-3.2554224,-0.51542234,1.9245776,4.594578
2.0845776,2.3545775,3.7045777,4.094578,4.0445776,4.4545774,6.614578,6.6945777,6.6245775,3.0845776,-0.52542233,2.1445777,5.4845777,3.8345776,4.574578,3.0345776,3.5445776,5.6745777,6.9745774,7.6345778,7.364578,7.284578,9.204577,9.754578,9.694577,9.814578,11.244577,12.614577,14.014578,14.6245775,14.524578,15.114577,14.684578,11.854578,8.844578,9.794578,12.954577,13.584578,14.364577,12.574577,9.054578,3.3345776,1.6145777,-1.1654223,-2.8054223,-4.5554223,-9.075422,-7.695422,-7.9354224,-5.7254224,-3.8654222,-3.2954223,-3.1054223,0.37457764,0.9645776,2.8345776,4.2245774
3.7645776,3.4245777,4.0045776,3.8745775,3.6145775,3.1945777,3.1545777,3.4845777,2.1345778,0.7045776,-0.10542236,2.2745776,3.0845776,6.8845778,6.3945775,7.7945776,6.2745776,5.9345775,7.6545777,7.3545775,8.964578,10.094578,9.954577,10.114577,9.714578,10.494577,11.484577,11.824577,12.794578,13.304578,13.464578,14.084578,14.504578,13.934578,14.4145775,13.144578,13.724578,14.254578,15.404577,15.834578,13.764578,10.024578,8.854578,6.284578,5.344578,2.7945776,-0.9854224,-7.695422,-3.5654223,-1.2554224,1.9545777,2.9445777,4.6245775,5.6045775,6.764578,7.0245776,7.1045775
3.0045776,4.0245776,3.4345777,2.9345777,2.7045777,2.8545775,2.3845778,2.3345776,1.8245777,1.4145776,-0.19542237,2.3645775,0.73457766,1.7445776,5.2545776,7.554578,6.9745774,7.284578,7.6445775,9.334578,8.924578,9.334578,10.454577,11.744577,11.854578,12.084578,11.714578,11.704577,12.944577,14.144578,14.474578,14.504578,14.494577,14.694577,14.354578,14.584578,14.004578,15.184578,15.824577,16.564577,17.724577,18.004578,15.894578,14.674578,13.974578,14.854578,16.174578,15.614577,11.614577,10.1245775,12.024578,12.024578,10.554578,11.024578,10.1245775,10.494577,9.4145775
3.7945776,3.5245776,3.0245776,2.5045776,2.6845777,2.9945776,1.4045776,1.0345776,0.69457763,0.37457764,0.31457764,0.60457766,0.24457763,1.8045776,3.2745776,6.9645777,7.6945777,7.4845777,8.644578,9.1645775,9.454577,10.774578,10.1645775,9.194577,11.184578,12.684578,12.394578,12.834578,13.284577,12.774578,11.884578,12.784577,13.814578,14.714578,14.9145775,14.904577,15.404577,14.244577,15.724578,16.584578,17.054577,18.224577,19.534578,19.314577,19.734577,18.574577,20.304577,20.964577,19.204578,17.094578,15.234577,14.114577,14.784577,13.324577,12.924578,12.514578,11.904577
2.8445776,2.4845777,2.6245775,2.1145775,1.8445777,1.0845777,0.80457765,0.5745776,-0.095422365,-0.23542236,-0.25542235,0.18457764,-0.6054224,2.0045776,1.5945777,2.7045777,3.5345776,9.444577,7.6945777,8.1245775,10.324577,10.334578,11.434578,11.584578,12.064578,11.484577,11.704577,11.974578,11.324577,11.744577,12.844578,11.304578,12.724578,13.234577,14.274578,14.834578,15.334578,14.634578,14.264578,16.424578,16.894577,17.774578,18.944578,20.204578,20.554577,20.664577,20.204578,19.564577,20.164577,18.204578,17.284578,15.644578,14.894578,13.984577,14.214578,14.044578,14.234577
2.2445776,1.2645776,0.68457764,1.2045777,0.97457767,0.62457764,0.07457764,-0.005422363,-1.5054224,-0.5954224,-0.20542236,1.3945776,0.13457763,0.38457763,0.28457764,0.23457764,6.364578,2.0545776,6.8145776,8.974578,9.434578,9.864577,10.284577,10.934578,12.244577,12.614577,13.684578,13.9145775,14.654577,14.604578,14.984577,15.434578,14.884578,14.6645775,13.484577,14.794578,15.684578,15.754578,16.194578,16.454578,17.304577,18.674578,19.474577,19.974577,20.354578,21.194578,21.124578,19.684578,18.944578,17.904577,16.904577,15.564578,15.554578,15.184578,15.294578,14.954577,12.854578
2.1745777,1.3245777,0.044577636,0.0045776367,0.8445776,-0.43542236,-0.30542237,-0.39542237,-0.46542236,-0.51542234,-0.6754224,0.0045776367,-0.23542236,-0.7154224,0.38457763,0.0145776365,1.7845776,2.6145775,1.8145776,3.3245776,6.2145777,8.464578,8.774578,9.994577,11.154577,11.204577,13.224578,14.254578,14.064578,14.214578,13.954577,14.014578,14.464578,15.214578,16.364578,14.974578,14.724578,15.694577,16.034578,16.184578,16.424578,17.304577,17.654577,18.184578,18.844578,19.144577,19.364578,18.024578,18.164577,17.494577,16.884577,15.514578,15.834578,14.424578,13.674578,13.234577,14.234577
1.3045776,1.0145776,-0.40542236,-1.0754224,-1.5554223,-1.1854224,-0.7354224,-1.1154224,-0.9654224,-0.61542237,-0.14542237,-0.99542236,-0.9154224,-0.80542237,1.3745776,-0.06542236,0.19457763,0.91457766,3.9445777,3.7645776,6.7245774,6.9545774,7.2745776,8.724578,9.694577,11.324577,12.714578,13.594578,13.844578,14.024578,13.804578,13.144578,12.924578,14.014578,14.6245775,15.354578,15.614577,14.154577,15.584578,15.984577,17.454578,16.904577,17.254578,17.464577,17.804577,17.784578,18.174578,17.454578,15.224578,16.504578,15.224578,15.174578,14.6245775,13.894578,13.614577,12.964578,12.754578
0.31457764,1.3345777,-1.0554223,-1.6754223,-2.1154222,-1.4354224,-1.4154223,-2.0554223,-1.5454223,-1.7654223,-1.8254224,-1.3054223,-1.6454223,-1.4954224,-0.39542237,0.17457764,2.4045777,4.1545777,5.2145777,3.2745776,7.804578,7.9445777,8.424578,9.194577,10.404577,11.064578,10.284577,11.634578,11.534577,13.764578,13.744577,12.824577,11.814578,11.4145775,12.584578,13.364577,13.274578,14.264578,13.964578,15.284577,16.234577,16.514578,16.794579,16.814577,17.304577,16.804577,16.654577,16.864578,17.024578,16.884577,15.794578,14.904577,15.044578,14.324577,12.274578,10.844578,9.734577
-0.52542233,-1.3954223,-0.95542234,-1.0054224,-1.7254224,-1.9054223,-2.3854225,-2.1354225,-1.7454224,-3.0054224,-3.4654224,-1.6554223,-0.34542236,0.06457764,1.5445776,1.3945776,3.0845776,3.7645776,3.4845777,4.5245776,8.044578,8.1645775,9.044578,10.234577,11.094578,11.964578,12.844578,12.1645775,13.094578,11.944577,12.334578,12.234577,12.344578,10.884578,10.564578,11.094578,11.864577,12.384578,13.4145775,13.404577,13.924578,14.844578,15.734577,15.734577,14.884578,16.314577,16.554577,17.614578,17.104578,15.014578,15.394578,14.844578,13.344578,12.484577,9.304578,4.554578,5.2945776
-1.0154223,-1.6254224,-1.2954223,-2.7154224,-1.0454223,-2.6654224,-1.7354224,-2.1554224,-5.135422,-1.8154224,-0.9654224,0.09457764,0.79457766,1.0745777,-0.63542235,1.5845777,1.4145776,-0.095422365,1.5445776,1.0345776,2.0845776,2.5745776,7.344578,8.864577,10.304578,11.094578,11.324577,12.334578,12.824577,11.594578,11.354578,11.754578,11.754578,11.034577,9.724578,9.684578,10.264578,10.644578,10.6645775,11.694577,12.954577,14.144578,15.614577,16.954578,16.494577,16.144577,16.724577,17.494577,16.274578,16.514578,15.754578,14.214578,12.754578,13.1245775,8.034577,6.8845778,8.814578
-1.4354224,-1.3654224,-0.51542234,-0.6054224,-1.2254224,-1.4454224,-2.2454224,-2.8254223,-4.1854224,-5.445422,-3.4454224,-0.40542236,0.31457764,0.35457763,0.13457763,-1.1354223,-1.1254224,0.6545776,1.2645776,2.6045775,1.9645777,2.2545776,4.614578,6.8145776,5.4945774,7.4145775,8.544578,10.9145775,11.614577,10.954577,10.6645775,11.204577,10.974578,10.8745775,10.484577,10.694577,11.444577,11.804578,12.974578,14.544578,15.524578,15.764578,16.494577,17.434578,16.874578,17.054577,17.074577,16.594578,16.414577,17.484577,16.454578,15.1645775,17.954578,12.934578,6.8945775,5.3945775,8.324577
-0.64542234,-1.1054224,-1.4354224,-2.4154224,-0.68542236,-2.3554223,-2.2654223,-2.8454223,-4.5654225,-2.4654224,-3.5654223,-2.9054224,-0.41542235,-1.1954224,-0.37542236,-0.41542235,0.35457763,2.1645777,3.7445776,3.4645777,4.4645777,4.614578,3.1745777,6.6245775,5.9345775,6.2545776,7.2245774,8.1645775,9.464578,10.224578,10.194577,10.634578,12.054578,12.064578,12.434578,11.324577,11.714578,13.3745775,13.454577,14.324577,15.294578,15.904577,17.094578,17.994577,18.534578,18.554577,18.284578,17.834578,18.314577,17.634577,17.094578,16.974577,16.564577,14.064578,15.764578,15.494577,12.854578
1.5145776,0.5345776,1.6545776,0.32457763,1.4145776,-0.07542236,-1.0254223,-2.1654224,-2.7954223,-2.8654222,-2.8454223,-2.2354224,-1.4854224,1.1045777,0.5145776,-0.06542236,0.55457765,0.9545776,3.1345778,4.1745777,5.4845777,6.554578,7.2045774,8.054578,7.3345776,7.7445774,6.3545775,4.554578,7.1645775,8.554578,9.544578,10.684578,11.314578,11.734577,12.794578,14.554578,15.254578,16.224577,15.054578,15.504578,16.634577,17.424578,17.914577,17.494577,18.384577,18.244577,18.634577,17.954578,17.904577,17.344578,17.224577,15.494577,17.124578,17.124578,15.474578,13.424578,12.614577
4.6945777,6.594578,1.3345777,0.92457765,0.13457763,0.66457766,-0.64542234,-0.50542235,-1.2154224,-4.1254225,-3.7654223,-1.7354224,-0.55542237,0.73457766,0.63457763,0.6545776,0.10457764,1.2645776,2.1045775,2.7345777,4.1245775,4.8745775,6.0045776,6.3745775,6.3745775,5.9345775,4.9445777,5.3145776,6.0045776,6.4945774,7.8845778,10.004578,10.274578,11.794578,13.364577,14.214578,14.554578,14.844578,14.524578,15.974578,16.414577,15.934578,15.904577,15.8745775,16.124578,16.184578,16.554577,16.934578,16.674578,15.514578,14.754578,13.654577,16.734577,15.384578,13.294578,12.554578,11.844578
5.4745774,1.2545776,1.3245777,-0.12542236,1.7345777,2.2645776,-0.44542235,-2.0054224,-1.4254223,-2.4554224,-1.1354223,0.21457763,1.7445776,1.1145777,1.8545777,-0.27542236,-0.6554224,-0.24542236,0.39457762,0.7645776,2.7645776,2.7445776,2.9145777,3.8645775,4.4545774,4.054578,2.0645776,4.1945777,5.304578,5.6045775,7.2445774,7.5445776,8.774578,10.284577,11.6245775,12.564578,13.144578,13.6645775,14.754578,15.854578,16.194578,15.974578,15.554578,16.384577,16.204578,15.944577,15.894578,15.654577,15.174578,13.934578,12.204577,15.274578,12.8745775,13.804578,13.464578,12.704577,10.864577
5.7945776,1.1545776,3.4345777,3.5345776,1.4045776,0.24457763,-0.20542236,-1.1454223,-1.2054224,-2.3854225,-1.1854224,-1.2254224,-1.6354223,-1.2154224,-0.22542237,-0.6554224,-1.6854224,-2.3854225,-2.5654223,-2.0254223,-1.1954224,-0.08542237,0.26457763,0.79457766,1.2345777,3.0445776,3.5045776,3.8545775,5.0645776,5.6045775,6.4645777,7.054578,7.3945775,8.454577,9.854578,10.464578,11.024578,12.804578,12.274578,13.6645775,13.934578,14.1245775,15.284577,15.264578,14.714578,15.064578,14.9145775,14.024578,11.714578,11.454577,12.074577,12.654577,12.6245775,12.394578,12.014578,11.694577,10.704577
3.1345778,0.79457766,2.9645777,3.0545776,3.1145775,2.5245776,-0.23542236,0.14457764,-1.2054224,-1.8954223,2.0145776,2.3745775,-0.20542236,-0.99542236,0.5845776,0.47457764,0.034577638,-0.34542236,-1.7954223,-2.4354224,-2.7254224,-1.7854223,-2.4954224,-2.2254224,-0.83542234,0.42457762,1.6345776,3.0745776,4.3145776,4.8145776,5.6045775,5.9045777,6.094578,6.7345777,7.7545776,8.994577,9.334578,11.214578,11.394578,11.584578,13.644578,12.294578,12.394578,12.634578,13.924578,13.6245775,11.994577,10.4145775,10.584578,8.074577,12.244577,11.904577,10.924578,11.634578,11.264578,9.464578,8.004578
2.9145777,2.6245775,6.344578,5.9745774,4.9145775,0.60457766,-0.25542235,-1.2654223,-0.69542235,1.6445776,1.0645776,2.9445777,0.5945776,-1.9254223,-1.8054223,0.79457766,1.3845776,0.47457764,-1.4854224,-1.6754223,-2.0954223,-3.7454224,-4.195422,-4.5054226,-3.8754225,-2.1454225,-0.68542236,0.5145776,1.4045776,2.1645777,3.1545777,3.6245775,4.4445777,4.9645777,6.1945777,7.4845777,8.654577,9.964578,9.614577,10.464578,10.954577,11.074577,10.364577,9.6645775,9.1245775,9.454577,7.9345775,12.704577,12.054578,12.1245775,10.764578,10.464578,11.474578,11.444577,8.994577,7.344578,6.364578
