public/data/weather/current/current-wind-surface-level-gfs-1.0.json
{"header": { "discipline":0, "disciplineName":"Meteorological products", "gribEdition":2, "gribLength":77777, "center":7, "centerName":"US National Weather Service - NCEP(WMC)", "subcenter":0, "refTime":"2025-12-01T00:00:00.000Z", "significanceOfRT":1, "significanceOfRTName":"Start of forecast", "productStatus":0, "productStatusName":"Operational products", "productType":1, "productTypeName":"Forecast products", "productDefinitionTemplate":0, "productDefinitionTemplateName":"Analysis/forecast at horizontal level/layer at a point in time", "parameterCategory":2, "parameterCategoryName":"Momentum", "parameterNumber":2, "parameterNumberName":"U-component_of_wind", "parameterUnit":"m.s-1", "genProcessType":2, "genProcessTypeName":"Forecast", "forecastTime":0, "surface1Type":103, "surface1TypeName":"Specified height level above ground", "surface1Value":10.0, "surface2Type":255, "surface2TypeName":"Missing", "surface2Value":0.0, "gridDefinitionTemplate":0, "gridDefinitionTemplateName":"Latitude_Longitude", "numberPoints":65160, "shape":6, "shapeName":"Earth spherical with radius of 6,371,229.0 m", "gridUnits":"degrees", "resolution":48, "winds":"true", "scanMode":0, "nx":360, "ny":181, "basicAngle":0, "lo1":0.0, "la1":90.0, "lo2":359.0, "la2":-90.0, "dx":1.0, "dy":1.0 }, "data":
[rows 125 to 149 of 181, columns 285 to 341 of 360]
2.8645775,3.0045776,2.7845776,1.7445776,0.54457766,7.3545775,-7.2854223,-3.8954225,-4.2054224,-2.6754224,-1.9154223,-1.1254224,-3.2854223,-3.7054224,-6.4554224,-6.7754226,-4.7854223,-2.1054223,-12.395422,-10.165422,-8.545423,-7.695422,-7.1154222,-7.135422,-6.3154225,-6.2254224,-5.2654223,-3.4454224,-2.0354223,-0.69542235,-0.43542236,0.48457763,1.4845777,1.8745776,2.8145776,2.1745777,2.5745776,3.0345776,3.4645777,3.4345777,3.8645775,3.4845777,4.3745775,3.9145777,8.824577,11.724578,8.464578,6.534578,4.9645777,4.7545776,5.9045777,4.6845775,4.824578,5.9645777,4.6745777,1.9345776,2.0745776
4.5045776,3.4445777,1.7045777,4.8845778,1.8645777,9.484577,9.214578,-3.9054224,-0.6754224,-2.5854223,-1.9654224,-2.1754224,-3.9354224,-4.3754225,-4.8654222,-5.4554224,-5.8954225,-7.0854225,-7.695422,-8.525422,-7.2454224,-6.6054225,-6.1454225,-5.8754225,-5.0854225,-4.4954224,-2.7154224,-1.7154224,-0.55542237,-1.9054223,0.5945776,1.7845776,3.3045776,3.8745775,3.6245775,3.5645776,4.284578,4.6945777,4.6745777,3.7745776,6.0445776,5.054578,4.6845775,6.1845775,9.284577,7.4445777,9.674578,5.5845776,3.0545776,6.4045777,5.8845778,4.9945774,5.4345775,5.4145775,3.5745776,1.2945776,2.4645777
4.9245777,4.514578,1.2645776,2.6545777,2.7645776,10.064578,-5.1154222,0.40457764,0.31457764,0.114577636,-2.7054224,-1.3854223,-3.2354224,-2.9054224,-2.4354224,-3.4054224,-6.5054226,-4.5354223,-0.49542236,-5.4954224,-4.5554223,-5.925422,-5.4954224,-5.8754225,-3.3154223,-2.6054223,-0.83542234,-0.86542237,-0.17542237,-0.13542236,0.74457765,1.8145776,2.8345776,2.4145777,3.0545776,3.8645775,4.7545776,5.7145777,6.764578,5.8545775,5.4845777,4.6745777,5.4745774,4.4945774,4.4545774,8.564578,1.7945776,2.3845778,4.1345778,6.1045775,5.8745775,5.3145776,4.594578,4.4745774,4.804578,3.0045776,1.6145777
2.2545776,1.1745776,2.6645777,-1.2554224,4.1845775,9.114577,3.1245775,-3.1854224,-1.2654223,1.7645776,0.61457765,-1.1554223,-2.0754223,-2.5054224,0.0145776365,-3.3254223,-4.3454223,-3.6954224,-7.4554224,-4.3254223,-3.5354223,-4.7554226,-5.0754223,-3.2554224,-2.9454224,-1.9954224,-2.0454223,-1.5554223,-0.27542236,0.81457764,1.6445776,1.8145776,1.7645776,1.4145776,2.3945777,4.034578,4.5645776,5.1745777,6.7545776,7.0045776,6.2945776,6.9045777,5.8745775,5.7345777,4.6345778,5.2945776,8.544578,6.534578,6.0845776,7.4145775,6.0845776,5.344578,3.8945777,4.2045774,4.2445774,2.6045775,0.06457764
2.2345777,1.8445777,1.7145777,1.2545776,2.4645777,7.9545774,-2.0054224,-3.2554224,-0.7854224,0.7645776,2.1445777,1.8045776,1.4545777,-3.1854224,-4.6454225,-7.2954226,-8.915422,-7.4354224,-6.8454223,-4.985422,-4.1854224,-3.4654224,-3.8754225,-4.5854225,-3.6554224,-3.2154224,-1.3454224,-0.16542237,0.23457764,1.9945776,2.1345778,2.3345776,2.3445776,3.1545777,4.264578,4.7945776,4.5845776,5.3745775,7.5445776,8.294578,8.774578,8.274578,7.3545775,6.324578,5.804578,4.9745774,6.5845776,5.3545775,9.014578,7.1545777,5.9545774,4.7545776,3.8045776,3.5945776,2.2145777,1.0845777,0.114577636
2.4645777,0.49457765,1.0445776,0.94457763,5.6845775,8.544578,7.8745775,-3.6354225,-0.7954224,-2.5354223,-3.2054224,-2.2154224,-5.8754225,-8.965423,-8.955422,-7.7954226,-7.6654224,-6.7454224,-5.3354225,-1.5654224,-2.8654222,-4.0754223,-5.0954223,-3.6954224,-3.0754223,-1.8454224,-1.0554223,0.49457765,0.37457764,3.2845776,2.4945776,2.6745777,3.5445776,4.8845778,5.5045776,4.7545776,6.0245776,7.9245777,7.6345778,7.7245774,8.264578,10.194577,8.574577,7.864578,7.364578,6.6445775,8.404577,7.7145777,9.584578,7.6545777,5.4045777,3.9745777,3.2845776,2.1545777,1.7545776,-0.06542236,-0.44542235
2.4945776,-0.8554224,0.24457763,1.2845776,7.9045777,6.6445775,2.6845777,2.0245776,3.7345777,2.6345778,-3.2554224,-5.945422,-4.7654223,-5.9554224,-7.235422,-7.3154225,-5.7554226,-4.5654225,-2.9954224,-2.9354224,-3.6754224,-4.6254225,-3.4154224,-2.1054223,-2.1054223,-2.4754224,-0.26542237,0.62457764,2.4845777,3.0545776,2.0545776,2.3745775,3.2745776,4.1345778,4.5445776,5.6245775,7.8845778,7.9545774,8.574577,9.204577,9.394578,10.084578,10.364577,9.304578,7.9545774,6.5045776,7.7345777,9.294578,9.344578,9.574577,4.9145775,3.9645777,2.7245777,1.3745776,0.91457766,1.3845776,1.6645776
3.8145776,1.9745777,5.9545774,1.9945776,3.6645777,6.6345778,3.8445776,2.7945776,4.844578,0.06457764,-4.715422,-4.7754226,-9.245422,-1.6954224,-6.635422,-5.3354225,-4.2054224,-3.7154224,-3.7554224,-3.6354225,-4.2054224,-3.6854224,-2.5354223,-1.8454224,-2.6954224,-0.48542237,0.35457763,1.2145777,1.1945777,1.2145777,1.6445776,2.9845777,3.4445777,4.2345777,4.7145777,6.1945777,7.1045775,8.454577,9.174578,10.184578,10.694577,10.584578,10.674578,10.364577,8.6245775,6.3145776,8.084578,8.034577,10.244577,10.294578,3.3945777,2.8645775,2.1545777,2.0345776,1.6445776,2.1545777,0.07457764
4.5445776,1.9745777,0.8945776,2.1545777,4.2045774,6.7045774,3.1845777,1.2745776,-1.0654224,-4.7454224,-4.1854224,-2.9454224,-5.2554226,-2.2654223,-4.8954225,-4.385422,-3.2854223,-3.2954223,-4.405422,-3.8854225,-2.9454224,-2.4254224,-2.0754223,-2.1254225,-1.3154224,-0.62542236,-0.61542237,-0.37542236,-0.11542236,0.6545776,1.4545777,1.2045777,1.9345776,3.2545776,5.554578,6.3845778,7.0445776,7.6345778,8.864577,9.534577,9.334578,9.894578,9.384578,9.644578,7.514578,6.6845775,6.6845775,7.1745777,6.554578,6.554578,9.134578,1.3945776,1.7645776,2.6745777,2.6245775,0.29457763,-3.3454223
4.6745777,4.9345775,0.54457766,2.1845777,5.4645777,7.2545776,-1.3754224,-1.4654224,-4.3254223,-3.9954224,-3.6854224,-3.3454223,-2.6354225,-2.4154224,-4.0454226,-2.5954223,-2.1354225,-3.2554224,-3.1054223,-2.6354225,-2.2254224,-2.4554224,-1.3754224,-1.2254224,-0.7254224,-0.39542237,-0.33542237,-0.095422365,0.27457765,0.6545776,1.2145777,1.7645776,2.7645776,3.8545775,4.5045776,4.9445777,6.034578,6.1645775,7.864578,7.8145776,8.154577,8.574577,7.574578,7.3145776,6.5645776,5.0245776,4.5845776,5.8145776,4.304578,10.064578,4.3945775,1.4845777,-0.7354224,-3.0854223,-6.1154222,-7.155422,-7.3454223
4.844578,1.5745777,0.9045776,2.2445776,7.784578,2.2045777,-0.35542238,-3.2854223,-0.7254224,-5.2054224,-3.5954223,-2.3354223,-1.6454223,-2.4854224,-2.3954225,-1.9154223,-2.2054224,-2.4354224,-1.9254223,-2.1454225,-2.2554224,-1.6754223,-0.93542236,-0.7854224,-0.12542236,0.43457764,0.26457763,0.46457765,0.42457762,0.74457765,2.3845778,1.5745777,3.7045777,3.0945776,5.0245776,5.7945776,5.034578,6.0845776,6.094578,6.9545774,6.844578,4.764578,5.764578,5.4245777,4.6045775,3.8045776,3.0445776,0.91457766,-2.4054224,-3.8654222,-10.275422,-10.8754225,-8.995422,-9.565422,-8.425423,-9.225422,-6.2954226
1.8145776,0.86457765,1.4845777,2.6545777,7.7545776,1.7345777,-1.3854223,1.0445776,-7.3354225,-5.1654224,-2.5454223,-1.6754223,-1.2254224,-0.99542236,-1.1854224,-1.6354223,-1.4954224,-1.3254224,-1.3554224,-1.6554223,-1.2854223,-0.10542236,-0.32542238,0.46457765,1.0145776,1.0445776,0.10457764,0.60457766,1.2545776,2.1445777,1.7545776,1.6445776,3.1545777,3.7145777,3.7345777,5.4545774,4.0445776,5.5645776,6.4345775,6.1945777,5.3945775,3.8945777,4.5645776,1.6545776,0.5945776,4.1645775,2.7145777,2.0745776,-0.75542235,-5.5254226,-6.905422,-8.415422,-8.8754225,-5.945422,-7.3554225,-6.3954225,-5.0154223
4.344578,-0.19542237,2.6845777,2.9045777,1.7045777,2.0945776,1.3245777,-3.2854223,-2.1554224,-2.0554223,-0.9654224,-0.25542235,-0.10542236,-0.35542238,-0.89542234,-0.7254224,0.084577635,-0.22542237,-0.5954224,-0.24542236,0.7145776,0.88457763,1.3945776,2.3045776,2.4945776,2.0145776,1.5145776,1.8545777,2.1945777,1.9545777,1.6445776,2.4245777,3.2845776,3.7845776,3.5045776,3.3245776,4.9045777,5.6345778,5.9545774,6.4145775,4.4545774,2.2845776,0.47457764,0.74457765,-1.0254223,-0.28542235,2.4045777,0.07457764,-4.8654222,-3.6854224,-3.7854223,-4.7554226,-4.0354223,-3.3454223,-5.135422,-5.0154223,-6.6254225
1.7645776,4.864578,2.2945776,4.1245775,6.864578,2.7345777,2.9345777,-1.6854224,0.87457764,1.3345777,0.46457765,1.4745777,1.0045776,0.7045776,0.80457765,1.3445777,1.2445776,0.9645776,1.6345776,2.1545777,3.0945776,3.6945777,4.114578,4.2245774,3.4545777,3.1845777,3.0645776,2.8645775,3.0345776,2.5245776,2.5445776,3.1545777,4.014578,3.5545776,3.6245775,3.4845777,4.324578,4.2345777,5.8945775,5.8145776,5.6345778,3.6645777,3.5145776,0.36457765,0.22457764,0.41457763,-1.4154223,3.1445777,-0.70542234,-1.7954223,-3.1554224,-4.135422,-3.2554224,-3.4554224,-2.8354223,-4.445422,-5.2754226
2.1145775,-1.4954224,2.9045777,3.7945776,2.1445777,-0.045422364,-9.695422,-4.9754224,-1.0754224,1.0345776,2.1745777,3.0545776,1.5445776,1.0045776,2.4745777,3.0645776,2.3845778,2.9945776,3.2445776,3.9645777,5.1345778,5.864578,7.3545775,6.5845776,5.784578,4.8545775,4.2145777,3.7945776,3.8745775,3.4045777,2.9145777,3.6445777,4.014578,3.8245776,3.5545776,3.9245777,4.614578,4.2945776,3.5145776,4.7145777,4.5445776,3.7845776,3.1345778,3.0845776,2.6445777,2.4545777,0.81457764,0.28457764,0.32457763,-0.38542235,-1.0754224,-2.3254223,-2.1954224,-2.0954223,-2.7754223,-1.8354224,-4.3054223
5.284578,0.19457763,0.74457765,0.68457764,3.5845776,-6.5754223,-6.2854223,-5.195422,-4.3054223,-0.08542237,2.1245775,2.4545777,1.7545776,0.73457766,2.3945777,3.9845777,3.7345777,4.594578,5.1945777,6.0245776,6.7745776,7.9445777,8.704577,7.3745775,6.7945776,6.2445774,5.4245777,4.824578,4.5845776,3.7145777,3.8345776,4.5045776,4.094578,3.8645775,3.6445777,4.6045775,4.864578,4.534578,4.7945776,5.9445777,4.5645776,3.3045776,2.6645777,4.0045776,3.8045776,3.8545775,3.6445777,2.7445776,2.5145776,0.30457765,-0.12542236,-1.1454223,-2.1854224,-2.2554224,-3.1854224,-3.6354225,-2.9154224
1.2445776,1.4845777,2.8645775,2.9945776,0.43457764,-5.4554224,-2.3654222,-5.5754223,-4.5454226,-3.0954223,-2.2854223,-1.7554224,-0.7954224,0.63457763,2.0345776,3.6245775,4.8345776,6.1545777,7.554578,8.324577,8.334578,7.9545774,8.234577,8.094578,5.9545774,7.0045776,6.4145775,5.8945775,5.4845777,4.4445777,4.4845777,4.764578,4.4845777,4.1245775,4.844578,4.514578,4.4945774,4.264578,4.594578,1.8645777,2.8645775,3.4745777,4.3745775,5.0245776,4.9245777,6.2245774,5.3945775,5.4745774,3.9245777,3.2445776,0.97457767,-1.0754224,-1.7854223,-2.0154223,-2.0754223,-2.7954223,-2.7554224
2.2745776,2.0445776,2.2945776,1.0545776,2.7945776,-1.7954223,-2.4454224,-2.5754223,-2.9954224,-1.9154223,-0.8454224,-0.32542238,-0.21542236,0.74457765,0.86457765,4.3845778,2.1245775,4.6445775,3.4545777,5.514578,6.1845775,7.5045776,8.4145775,4.4245777,5.6345778,6.7445774,6.5645776,6.1345778,6.2745776,5.054578,4.9145775,4.6945777,4.1045775,3.9445777,5.014578,4.3345776,4.3845778,4.0245776,3.4345777,-0.22542237,-0.61542237,1.8945776,4.074578,5.2145777,5.9845777,7.3745775,7.7245774,7.764578,6.264578,3.7745776,2.7845776,0.40457764,-1.4654224,-2.1754224,-2.5154223,-2.8654222,-2.6754224
3.7245777,5.784578,1.3845776,1.1845776,1.6445776,0.73457766,0.54457766,0.6545776,0.09457764,0.48457763,-0.25542235,0.14457764,1.3145776,2.7245777,4.324578,5.864578,6.9545774,6.1945777,5.7045774,6.094578,6.014578,7.0645776,6.8545775,6.1345778,6.344578,7.0045776,6.6245775,6.4045777,5.9345775,4.8345776,4.8745775,4.6945777,4.7545776,3.7145777,4.2445774,4.9945774,4.514578,4.5045776,5.1645775,-1.6454223,-2.3754225,1.9245776,3.9545777,5.3345776,6.7945776,9.344578,8.744577,6.4145775,5.554578,3.3445776,1.7345777,-0.34542236,-2.2154224,-3.0254223,-3.0054224,-2.8954225,-2.7654223
5.014578,6.2745776,6.1845775,-0.63542235,1.4045776,0.06457764,1.5145776,3.9145777,0.22457764,-1.1454223,-0.5354224,-1.2754223,-1.2154224,-0.35542238,2.6045775,3.8245776,4.804578,5.3745775,5.8145776,6.8145776,7.9845777,8.274578,8.294578,7.1245775,7.0045776,7.2145777,7.284578,6.5445776,5.594578,5.2345777,5.094578,5.094578,4.3845778,4.364578,4.6645775,3.5245776,2.8145776,1.3345777,3.0345776,-1.3254224,1.2545776,2.8745775,3.1945777,4.3145776,5.2745776,4.3545775,2.6145775,2.2945776,1.3045776,0.114577636,0.41457763,-3.2354224,-4.4354224,-4.2254224,-3.9754224,-3.1254225,-1.7054224
6.3845778,6.2145777,6.4245777,7.5245776,0.15457764,-2.1654224,1.8745776,-0.31542236,-0.50542235,-0.39542237,-2.4554224,-0.9254224,3.0545776,3.3745775,4.2245774,5.114578,5.764578,6.9445777,8.004578,9.084578,8.564578,8.784577,9.144578,8.864577,6.4245777,6.6645775,6.594578,6.324578,5.6545777,5.344578,5.1045775,5.034578,4.4845777,4.1245775,4.7945776,2.4845777,1.0745777,1.3445777,1.6845776,4.0645776,3.7745776,2.7945776,2.0645776,2.1745777,2.1845777,0.5745776,0.16457763,-1.0454223,-1.3954223,-1.5854224,-5.135422,-6.485422,-4.6854224,-4.0854225,-3.4554224,-2.0754223,-2.1154222
6.6745777,7.1645775,7.5645776,7.6445775,6.5245776,6.7245774,6.5245776,4.9145775,-0.055422362,2.2145777,3.1745777,4.824578,5.264578,4.4745774,5.054578,5.4645777,5.824578,6.514578,7.364578,8.654577,8.264578,8.944577,9.354578,9.724578,7.8545775,5.4445777,6.6245775,5.4445777,5.0645776,4.9445777,4.5845776,5.364578,3.7945776,4.034578,4.1345778,3.0145776,3.1345778,2.1145775,2.8445776,2.3945777,1.5645776,1.1145777,0.87457764,-0.11542236,-1.6754223,-2.1754224,-3.0254223,-4.715422,-5.8254223,-6.675422,-6.7454224,-5.9954224,-5.7654223,-5.2754226,-4.485422,-3.5254223,-2.8854225
5.514578,6.2045774,6.9545774,7.364578,6.764578,6.2445774,7.4545774,8.244577,4.8745775,4.784578,4.6245775,4.1845775,4.344578,4.364578,4.4745774,6.2445774,6.3745775,6.9645777,7.4945774,7.6745777,8.284577,8.984577,8.8745775,9.4145775,9.574577,5.034578,4.304578,4.264578,3.9945776,3.9245777,4.7145777,3.4945776,4.2545776,4.3845778,4.4245777,3.1445777,3.2745776,2.6145775,2.4945776,1.6045777,1.4545777,0.49457765,-0.5354224,-1.6354223,-3.1554224,-5.8154225,-8.255423,-7.135422,-6.5954223,-6.4554224,-6.635422,-7.5454226,-8.415422,-6.965422,-4.8254223,-3.3154223,-2.7654223
3.1545777,3.7145777,3.8245776,4.2445774,4.2945776,3.3345776,3.7145777,2.5245776,1.8945776,2.2445776,3.4345777,3.9245777,4.094578,4.8345776,5.4445777,6.304578,6.6545777,7.4745774,7.7745776,8.404577,9.194577,9.354578,10.304578,11.204577,12.184578,2.1145775,-0.13542236,2.6345778,2.4145777,3.7045777,3.6645777,4.0045776,4.1245775,3.6045775,4.074578,3.4045777,3.5345776,3.0745776,2.9745777,3.0645776,2.5845776,1.3445777,0.5245776,-1.0354223,-2.8154223,-4.4554224,-6.3354225,-8.015423,-9.045423,-9.325422,-9.355422,-8.615422,-6.675422,-5.485422,-4.3354225,-2.8354223,-0.89542234
-1.4654224,-0.99542236,-1.0354223,-1.4354224,-1.6954224,-0.48542237,-0.19542237,0.60457766,1.3745776,2.4245777,3.9445777,3.9545777,4.2145777,5.1245775,5.9345775,6.554578,7.4345775,8.284577,9.194577,9.824577,9.994577,10.144578,11.024578,11.274578,4.8845778,-5.385422,-2.6554224,0.81457764,1.9445777,2.5945776,3.0545776,3.8045776,3.9545777,3.7545776,3.8445776,3.6545777,4.0645776,4.2145777,4.054578,3.6145775,3.1445777,2.9445777,2.1645777,1.2745776,-0.17542237,-1.1054224,-2.6054223,-3.5454223,-4.0854225,-5.0954223,-5.2954226,-4.925422,-3.9954224,-2.6754224,-1.2654223,-0.87542236,0.25457764
