public/data/weather/current/current-tmp-surface-level-gfs-1.0.json
{"header": { "discipline":0, "disciplineName":"Meteorological products", "gribEdition":2, "gribLength":50866, "center":7, "centerName":"US National Weather Service - NCEP(WMC)", "subcenter":0, "refTime":"2025-12-04T00:00:00.000Z", "significanceOfRT":1, "significanceOfRTName":"Start of forecast", "productStatus":0, "productStatusName":"Operational products", "productType":1, "productTypeName":"Forecast products", "productDefinitionTemplate":0, "productDefinitionTemplateName":"Analysis/forecast at horizontal level/layer at a point in time", "parameterCategory":0, "parameterCategoryName":"Temperature", "parameterNumber":0, "parameterNumberName":"Temperature", "parameterUnit":"K", "genProcessType":2, "genProcessTypeName":"Forecast", "forecastTime":0, "surface1Type":1, "surface1TypeName":"Ground or water surface", "surface1Value":0.0, "surface2Type":255, "surface2TypeName":"Missing", "surface2Value":0.0, "gridDefinitionTemplate":0, "gridDefinitionTemplateName":"Latitude_Longitude", "numberPoints":65160, "shape":6, "shapeName":"Earth spherical with radius of 6,371,229.0 m", "gridUnits":"degrees", "resolution":48, "winds":"true", "scanMode":0, "nx":360, "ny":181, "basicAngle":0, "lo1":0.0, "la1":90.0, "lo2":359.0, "la2":-90.0, "dx":1.0, "dy":1.0 }, "data":
[rows 27 to 53 of 181, columns 244 to 304 of 360]
259.6474,260.34738,259.4474,257.9474,257.1474,258.0474,262.24738,256.4474,255.84738,255.34738,253.64738,251.44739,248.64738,246.64738,248.74739,245.74739,241.34738,242.34738,241.34738,241.64738,241.64738,242.34738,243.0474,244.44739,244.5474,245.5474,271.0474,272.1474,272.1474,271.4474,272.1474,270.4474,271.74738,271.24738,254.94739,271.4474,271.9474,272.5474,272.34738,271.9474,271.9474,272.1474,271.9474,271.84738,271.84738,267.24738,254.84738,254.24739,255.34738,272.0474,264.34738,260.0474,272.1474,272.0474,272.0474,272.84738,274.34738,275.74738,276.5474,276.5474,276.4474
260.34738,261.6474,275.1474,265.4474,274.6474,259.0474,258.4474,257.5474,255.64738,255.84738,255.5474,253.44739,251.44739,248.74739,245.14738,244.14738,242.74739,242.74739,241.94739,242.34738,242.5474,244.14738,244.24739,249.84738,268.74738,272.0474,272.24738,272.5474,272.5474,272.4474,272.4474,272.0474,271.74738,271.6474,271.1474,271.74738,251.44739,272.74738,254.5474,251.44739,248.44739,247.74739,249.0474,252.14738,272.0474,271.84738,271.9474,272.1474,272.24738,272.24738,268.5474,272.1474,272.24738,272.4474,272.5474,273.4474,275.4474,276.1474,276.34738,276.5474,276.6474
274.74738,274.74738,272.74738,259.6474,260.0474,259.84738,260.1474,258.74738,256.5474,255.24739,253.94739,254.14738,252.34738,251.84738,250.44739,249.44739,243.64738,242.84738,242.5474,242.5474,244.5474,244.84738,259.4474,272.24738,272.34738,272.34738,272.5474,272.74738,272.6474,272.6474,272.6474,272.5474,272.5474,272.5474,272.24738,272.24738,272.6474,273.0474,268.1474,257.34738,255.94739,254.74739,254.74739,254.24739,256.24738,258.34738,272.1474,272.4474,272.34738,272.1474,272.1474,272.34738,272.84738,273.4474,273.24738,274.0474,275.34738,276.1474,276.5474,276.74738,276.84738
261.84738,263.74738,264.0474,261.5474,259.74738,260.0474,260.84738,259.4474,256.5474,254.94739,254.74739,253.84738,252.94739,252.0474,251.14738,249.24739,248.34738,244.84738,243.34738,242.74739,243.34738,245.84738,272.0474,272.24738,272.5474,272.74738,272.9474,273.0474,272.9474,272.9474,272.84738,272.84738,272.84738,272.9474,272.74738,272.5474,272.6474,273.24738,273.1474,257.1474,257.5474,256.74738,256.24738,256.4474,256.4474,257.34738,258.9474,272.74738,273.1474,272.84738,272.74738,259.74738,273.24738,273.24738,273.24738,273.74738,275.4474,276.4474,276.9474,276.84738,276.84738
259.5474,263.6474,265.5474,262.5474,261.0474,260.9474,271.5474,260.5474,259.24738,257.84738,256.4474,255.64738,254.94739,252.5474,250.0474,249.14738,246.84738,242.34738,242.64738,245.24739,244.44739,245.44739,259.9474,272.74738,272.84738,272.9474,272.9474,272.9474,272.9474,272.84738,272.9474,272.9474,273.0474,273.0474,272.74738,272.74738,273.34738,273.6474,259.9474,259.9474,258.0474,259.6474,259.9474,259.74738,260.5474,260.4474,261.9474,272.5474,272.84738,272.9474,273.0474,256.34738,255.74739,273.34738,273.24738,273.24738,274.24738,276.0474,276.6474,276.74738,276.84738
268.24738,263.34738,266.0474,266.6474,265.4474,262.74738,262.1474,258.6474,257.84738,257.5474,256.84738,254.84738,255.0474,254.24739,253.84738,250.94739,247.84738,245.84738,246.5474,245.74739,245.94739,245.94739,246.94739,249.0474,273.1474,273.4474,273.34738,273.1474,273.1474,272.9474,272.84738,272.84738,272.9474,273.0474,273.1474,273.24738,273.5474,273.9474,274.34738,255.44739,258.0474,259.0474,261.1474,260.84738,262.9474,263.0474,262.24738,262.74738,262.34738,260.74738,258.74738,256.0474,254.44739,255.74739,273.1474,272.9474,273.34738,275.0474,275.9474,276.1474,276.5474
267.24738,266.74738,263.74738,262.34738,264.9474,262.84738,261.4474,259.24738,257.74738,255.84738,254.44739,254.84738,255.14738,255.14738,263.74738,252.14738,252.24739,246.44739,247.34738,247.14738,248.74739,246.64738,248.34738,249.34738,249.24739,250.44739,252.94739,273.6474,273.84738,273.5474,273.1474,272.9474,273.1474,273.34738,273.4474,273.24738,273.34738,273.9474,274.24738,274.24738,259.5474,256.0474,258.9474,259.6474,259.5474,263.1474,262.74738,261.6474,262.5474,261.4474,259.34738,257.1474,254.64738,254.44739,256.84738,273.34738,273.4474,273.84738,274.6474,275.0474,275.84738
268.0474,269.74738,268.9474,267.0474,265.84738,264.24738,263.34738,261.4474,258.74738,257.5474,255.5474,256.24738,255.34738,255.0474,254.84738,253.44739,251.74739,250.34738,246.44739,249.5474,249.74739,249.14738,251.74739,250.5474,248.0474,248.44739,248.94739,249.14738,250.0474,262.6474,273.24738,273.24738,273.4474,273.6474,273.6474,273.5474,273.5474,274.5474,274.0474,274.0474,256.84738,254.84738,254.74739,258.5474,260.84738,263.5474,262.1474,262.4474,262.34738,259.9474,259.4474,257.24738,255.5474,253.34738,255.44739,269.4474,273.6474,273.4474,273.5474,274.1474,275.24738
269.34738,270.24738,268.4474,265.84738,264.24738,262.34738,261.34738,260.4474,260.0474,257.9474,257.4474,276.5474,255.94739,255.84738,254.74739,253.94739,253.5474,249.64738,250.94739,251.64738,251.44739,251.0474,251.84738,250.64738,248.94739,248.84738,249.14738,250.0474,248.64738,248.74739,250.84738,253.14738,253.34738,253.44739,268.5474,273.84738,274.1474,275.5474,258.1474,257.9474,256.24738,255.64738,253.84738,258.34738,261.34738,264.24738,263.34738,262.1474,261.5474,259.6474,259.1474,257.4474,257.24738,254.64738,252.34738,253.74739,254.74739,264.9474,273.84738,273.6474,273.1474
271.1474,266.5474,270.84738,269.0474,265.5474,263.6474,262.0474,261.1474,260.84738,257.34738,254.94739,252.64738,254.64738,256.0474,255.84738,256.0474,255.44739,252.74739,251.44739,251.24739,251.74739,251.74739,252.14738,251.84738,250.64738,248.24739,249.0474,249.34738,250.14738,250.44739,250.74739,250.5474,251.14738,251.24739,270.84738,273.74738,274.24738,269.84738,258.0474,255.44739,258.1474,256.24738,257.9474,259.6474,262.34738,264.1474,263.84738,262.5474,261.9474,260.5474,258.84738,260.0474,268.1474,252.74739,251.34738,249.94739,253.5474,270.5474,259.74738,273.5474,273.9474
267.6474,270.6474,273.34738,267.34738,264.84738,264.1474,262.84738,261.9474,258.84738,257.24738,254.14738,253.44739,254.14738,255.24739,256.4474,258.1474,260.24738,255.14738,275.1474,251.74739,252.0474,251.24739,252.24739,253.24739,250.34738,248.64738,249.5474,250.0474,249.94739,249.94739,250.44739,251.14738,251.44739,252.34738,254.34738,252.64738,274.34738,274.9474,256.34738,254.64738,256.24738,257.84738,259.24738,261.1474,264.0474,264.1474,263.1474,262.1474,262.1474,260.9474,259.4474,258.1474,253.44739,250.74739,247.0474,252.74739,254.14738,252.14738,253.14738,257.74738,264.0474
261.9474,268.4474,266.9474,266.74738,264.0474,264.24738,262.6474,261.9474,260.1474,258.0474,255.0474,252.64738,251.0474,252.14738,254.5474,253.94739,259.0474,253.84738,255.5474,271.0474,252.0474,252.24739,251.94739,250.84738,250.0474,249.0474,248.94739,248.0474,249.64738,249.74739,250.24739,250.5474,250.94739,250.0474,250.44739,258.74738,273.84738,267.74738,258.24738,256.34738,254.34738,258.6474,260.74738,261.1474,262.4474,263.24738,263.34738,263.1474,262.4474,262.4474,259.84738,257.34738,249.5474,249.94739,246.74739,247.74739,250.34738,252.24739,253.44739,257.4474,264.34738
263.5474,262.9474,267.0474,263.74738,262.0474,264.0474,263.5474,262.24738,259.9474,257.34738,255.34738,254.84738,252.74739,251.64738,250.34738,250.84738,252.44739,251.14738,254.14738,259.84738,258.4474,253.64738,251.94739,252.84738,250.34738,270.6474,250.94739,249.64738,249.94739,249.94739,251.0474,250.84738,251.64738,250.64738,251.84738,253.44739,253.0474,252.0474,250.24739,252.84738,256.74738,259.4474,261.6474,265.6474,264.4474,264.4474,264.0474,263.34738,262.84738,261.34738,257.4474,258.1474,254.74739,251.0474,250.0474,251.44739,256.0474,261.74738,276.5474,276.24738,268.4474
262.4474,260.34738,265.1474,265.5474,266.1474,264.84738,260.0474,260.84738,259.0474,255.94739,255.84738,254.24739,254.24739,252.14738,252.5474,252.0474,252.84738,255.64738,253.94739,254.84738,254.94739,255.84738,254.0474,253.74739,254.74739,251.14738,250.24739,252.34738,253.44739,251.0474,252.5474,253.0474,251.84738,251.74739,252.94739,251.94739,250.84738,248.84738,251.94739,255.24739,258.24738,260.84738,267.34738,267.9474,265.6474,265.9474,266.0474,264.34738,264.0474,264.34738,275.4474,275.5474,276.4474,276.9474,276.74738,276.74738,276.4474,276.74738,276.84738,266.6474,270.74738
265.84738,266.9474,262.9474,263.34738,261.9474,258.74738,257.34738,255.5474,254.84738,252.24739,252.64738,250.74739,250.14738,250.34738,251.0474,252.14738,253.34738,254.24739,255.94739,253.84738,252.74739,272.6474,257.0474,253.74739,253.34738,253.5474,252.94739,252.34738,258.74738,255.84738,255.14738,250.34738,253.64738,251.0474,247.84738,252.0474,251.84738,253.74739,257.24738,258.9474,259.84738,268.4474,267.5474,268.0474,266.74738,266.0474,262.1474,267.9474,275.6474,274.84738,261.0474,260.34738,275.0474,276.4474,276.34738,276.4474,276.84738,277.1474,269.34738,267.6474,269.74738
270.34738,265.5474,266.24738,261.5474,262.24738,261.24738,261.1474,258.0474,257.24738,255.34738,252.14738,249.14738,248.34738,246.84738,246.24739,248.94739,246.84738,249.94739,253.14738,254.0474,254.24739,276.1474,255.44739,256.9474,256.84738,253.74739,254.0474,277.1474,276.9474,276.84738,277.34738,267.34738,244.74739,246.14738,255.24739,257.34738,257.34738,258.1474,260.9474,261.1474,269.6474,267.5474,267.74738,267.9474,264.9474,263.24738,263.84738,265.9474,265.0474,263.84738,276.74738,274.5474,276.0474,276.1474,276.1474,276.74738,277.84738,271.1474,268.24738,269.34738,270.5474
269.6474,266.0474,263.5474,263.6474,264.9474,264.74738,268.9474,262.6474,264.9474,261.5474,257.74738,257.5474,252.34738,247.5474,247.44739,246.24739,246.64738,248.74739,248.84738,250.14738,246.24739,256.24738,256.4474,257.1474,256.24738,276.5474,276.74738,265.84738,273.1474,277.24738,277.4474,278.34738,260.6474,258.24738,261.24738,260.0474,265.5474,263.74738,263.5474,269.84738,269.24738,269.5474,268.4474,266.0474,265.74738,263.74738,263.74738,265.84738,263.9474,264.4474,264.1474,269.5474,276.9474,277.1474,277.1474,278.0474,278.9474,279.0474,278.84738,278.6474,277.9474
267.34738,267.9474,264.24738,262.5474,262.84738,262.84738,264.1474,265.74738,263.84738,258.9474,257.5474,257.84738,257.9474,250.34738,250.0474,247.74739,244.34738,247.34738,251.94739,248.94739,244.74739,251.74739,255.0474,255.84738,257.4474,252.74739,256.74738,257.4474,259.84738,262.34738,260.5474,267.24738,264.5474,271.34738,275.84738,268.84738,266.74738,268.6474,270.4474,269.34738,269.9474,270.84738,269.34738,269.24738,267.84738,264.0474,263.5474,265.24738,262.84738,265.24738,264.74738,264.1474,266.84738,278.5474,279.5474,272.24738,273.74738,278.6474,279.0474,279.0474,278.9474
264.5474,262.84738,264.24738,266.5474,260.6474,258.0474,251.94739,263.0474,260.34738,262.24738,260.34738,256.5474,258.34738,262.0474,259.84738,253.74739,248.44739,247.84738,243.74739,245.0474,248.94739,252.74739,253.64738,258.0474,251.34738,251.64738,257.24738,259.5474,261.5474,274.74738,279.34738,266.5474,267.84738,278.24738,279.1474,279.84738,278.4474,269.5474,268.74738,268.9474,271.5474,270.9474,270.34738,267.84738,264.5474,262.9474,264.9474,263.84738,264.84738,277.4474,281.1474,273.6474,268.74738,269.9474,274.74738,279.74738,279.74738,279.6474,279.4474,279.4474,279.5474
271.24738,255.5474,263.6474,263.1474,267.24738,260.0474,248.34738,261.6474,269.5474,260.9474,264.0474,260.74738,256.1474,259.6474,261.34738,261.1474,256.74738,253.14738,250.44739,250.94739,249.74739,253.14738,253.0474,253.94739,256.4474,256.74738,262.0474,260.1474,262.0474,278.74738,268.24738,267.6474,268.24738,271.5474,280.0474,270.74738,267.24738,269.74738,274.24738,278.5474,272.84738,268.0474,265.9474,266.4474,265.0474,264.4474,266.24738,281.24738,281.1474,281.0474,273.84738,272.0474,280.34738,280.74738,281.4474,281.4474,280.4474,279.84738,280.9474,281.1474,282.34738
274.74738,271.0474,272.4474,271.4474,265.24738,264.5474,261.0474,261.6474,266.0474,267.1474,264.6474,263.74738,263.1474,263.9474,264.4474,262.6474,262.24738,259.34738,254.24739,256.0474,253.0474,253.24739,257.5474,258.0474,258.74738,261.84738,260.6474,261.0474,264.0474,279.0474,270.24738,270.1474,270.1474,269.6474,269.84738,268.1474,269.4474,272.74738,269.84738,270.1474,269.1474,264.84738,264.34738,261.9474,264.4474,266.0474,281.74738,281.34738,281.34738,281.34738,280.84738,281.4474,281.6474,282.5474,282.74738,282.74738,283.1474,284.0474,284.84738,285.1474,285.1474
260.84738,257.5474,265.9474,269.24738,268.74738,263.84738,267.0474,267.24738,264.4474,261.84738,261.84738,264.74738,265.5474,266.34738,268.0474,268.34738,269.6474,265.0474,261.9474,261.84738,258.6474,259.0474,259.74738,259.4474,260.74738,261.4474,262.74738,265.0474,269.84738,279.84738,271.34738,268.6474,269.0474,272.4474,279.84738,280.0474,268.24738,267.6474,268.0474,269.34738,269.34738,264.34738,264.4474,264.9474,270.84738,271.6474,281.84738,282.0474,282.0474,282.24738,282.1474,282.6474,284.6474,284.9474,283.84738,286.9474,287.84738,289.9474,290.0474,290.5474,289.6474
268.74738,269.34738,272.9474,271.84738,277.1474,262.9474,259.4474,261.24738,266.24738,257.0474,255.24739,263.34738,265.24738,268.9474,269.84738,268.9474,268.24738,266.24738,264.4474,262.34738,261.5474,260.5474,261.24738,261.9474,263.6474,265.4474,268.74738,271.34738,271.74738,270.34738,267.84738,267.6474,268.0474,267.1474,269.24738,268.74738,268.74738,267.5474,267.4474,268.5474,265.74738,266.0474,274.74738,280.9474,282.24738,284.24738,281.34738,282.34738,283.84738,283.4474,285.24738,287.74738,289.24738,289.6474,289.84738,290.4474,290.6474,291.84738,292.4474,292.34738,291.6474
271.1474,270.34738,271.84738,273.4474,272.1474,264.24738,269.1474,265.34738,264.9474,261.34738,264.0474,268.1474,270.84738,270.6474,272.84738,273.24738,272.24738,269.9474,267.84738,265.9474,265.6474,265.5474,265.5474,265.9474,269.5474,271.5474,273.34738,270.4474,268.5474,266.0474,266.5474,265.6474,264.34738,268.0474,265.4474,268.0474,265.0474,265.84738,265.4474,269.9474,269.74738,275.9474,282.1474,284.24738,284.5474,284.9474,284.4474,285.4474,287.24738,287.4474,288.9474,290.24738,292.5474,292.9474,292.5474,291.6474,291.0474,291.9474,293.9474,294.84738,294.1474
270.9474,271.34738,272.4474,274.74738,269.0474,273.24738,272.5474,269.4474,263.5474,262.84738,263.84738,264.5474,269.34738,271.4474,273.1474,274.74738,274.9474,273.6474,271.5474,271.0474,269.9474,271.24738,271.6474,272.6474,272.9474,273.24738,271.9474,271.9474,270.6474,267.9474,267.74738,265.5474,263.9474,265.1474,264.84738,265.6474,268.6474,269.84738,270.6474,276.4474,273.0474,280.84738,285.0474,285.4474,286.5474,287.74738,288.9474,292.34738,290.9474,290.24738,290.74738,291.6474,292.84738,294.1474,294.5474,294.24738,293.74738,294.0474,294.1474,294.24738,293.74738
274.9474,274.74738,269.6474,270.6474,266.6474,270.0474,267.9474,267.6474,265.6474,263.24738,267.4474,266.9474,272.6474,274.0474,275.0474,275.74738,275.4474,274.84738,273.5474,273.74738,274.4474,274.5474,272.1474,271.74738,271.6474,270.5474,271.84738,271.1474,271.0474,265.74738,266.34738,263.84738,268.5474,269.84738,270.4474,269.0474,269.34738,271.1474,273.0474,273.74738,281.84738,284.24738,288.34738,285.9474,288.74738,290.34738,290.84738,290.6474,289.84738,289.5474,293.1474,294.24738,294.74738,294.74738,294.5474,293.9474,294.24738,294.34738,294.24738,293.84738,293.84738
278.9474,280.5474,280.9474,276.0474,273.5474,273.9474,275.4474,274.74738,271.5474,270.74738,266.9474,264.9474,270.5474,273.24738,274.84738,275.74738,277.1474,276.74738,276.84738,277.24738,274.84738,273.34738,271.74738,271.9474,272.24738,271.34738,269.9474,270.0474,271.1474,270.84738,269.9474,269.74738,270.74738,270.34738,270.0474,269.84738,272.1474,273.74738,273.74738,273.74738,283.24738,286.84738,285.24738,290.84738,294.0474,295.0474,295.24738,296.74738,294.1474,289.34738,292.84738,293.9474,294.74738,294.6474,294.4474,294.34738,294.34738,294.5474,294.5474,294.34738,294.4474
