public/data/weather/current/current-wind-surface-level-gfs-1.0.json
{"header": { "discipline":0, "disciplineName":"Meteorological products", "gribEdition":2, "gribLength":78494, "center":7, "centerName":"US National Weather Service - NCEP(WMC)", "subcenter":0, "refTime":"2025-12-01T00:00:00.000Z", "significanceOfRT":1, "significanceOfRTName":"Start of forecast", "productStatus":0, "productStatusName":"Operational products", "productType":1, "productTypeName":"Forecast products", "productDefinitionTemplate":0, "productDefinitionTemplateName":"Analysis/forecast at horizontal level/layer at a point in time", "parameterCategory":2, "parameterCategoryName":"Momentum", "parameterNumber":3, "parameterNumberName":"V-component_of_wind", "parameterUnit":"m.s-1", "genProcessType":2, "genProcessTypeName":"Forecast", "forecastTime":0, "surface1Type":103, "surface1TypeName":"Specified height level above ground", "surface1Value":10.0, "surface2Type":255, "surface2TypeName":"Missing", "surface2Value":0.0, "gridDefinitionTemplate":0, "gridDefinitionTemplateName":"Latitude_Longitude", "numberPoints":65160, "shape":6, "shapeName":"Earth spherical with radius of 6,371,229.0 m", "gridUnits":"degrees", "resolution":48, "winds":"true", "scanMode":0, "nx":360, "ny":181, "basicAngle":0, "lo1":0.0, "la1":90.0, "lo2":359.0, "la2":-90.0, "dx":1.0, "dy":1.0 }, "data":
[rows 25 to 49 of 181, columns 0 to 57 of 360]
-1.1210986,-2.2110987,-3.2410986,-4.4410987,-5.6410985,-6.2910986,-6.7010984,-7.1210985,-8.081099,-8.131099,-7.761099,-5.7110987,-0.07109863,-1.1810986,-1.3710986,-1.4010986,-1.6210986,-1.1510986,-1.5010986,-1.1210986,-1.1910987,-1.1610986,1.7889013,4.0589013,5.8489013,4.678901,2.2789013,2.5789013,2.1789014,2.3989015,2.5589013,2.3689013,2.2189014,2.1989014,2.3489013,3.3589013,2.6889014,1.9489014,2.2689013,1.0689014,-0.021098632,0.5489014,0.5989014,0.9789014,1.1789013,1.3489014,1.6989014,1.6889014,1.6689013,1.9289013,1.9289013,1.5789014,1.6489013,1.7489014,2.0489013,2.3689013,2.4389014,2.4289014
-2.2410986,-3.3510985,-4.5010986,-6.1210985,-7.6310987,-8.6210985,-9.311099,-7.281099,-4.611099,-4.6410985,-2.8710985,-2.9110987,-1.4510987,0.43890136,-0.55109864,-1.3610986,-1.5910987,-1.5610986,-1.7010987,-2.1310987,-2.3710985,-0.72109866,-1.1210986,-1.2810986,-0.5210986,-0.18109864,0.44890136,0.9789014,0.82890135,1.3689014,1.9289013,2.3789015,2.7889013,2.7589014,2.7589014,2.6989014,2.5389013,4.7589016,2.9189014,1.4889014,1.9489014,1.7189014,1.6489013,1.4889014,1.6489013,1.4789014,1.6489013,1.2289014,1.0589013,1.1089014,1.1089014,1.3189014,1.5389013,2.0889013,2.7389014,2.8789015,2.4189014,2.3389013
-2.1810987,-3.0510986,-4.3510985,-6.4310985,-6.1410985,-6.1010985,-4.6210985,-1.0810987,1.1389014,1.4589014,1.4689014,2.7489014,1.3189014,0.6689014,-0.6310986,-1.6710986,-2.0810986,-2.3310986,-2.2210987,-4.6710987,7.928901,10.558902,1.6889014,3.5789013,3.5489013,2.9689014,4.2989016,2.9389014,4.5289016,3.5189013,4.6289015,3.1589015,2.7589014,2.7589014,2.3489013,2.0589013,2.2289014,2.0789013,1.8589014,2.1189013,1.5289013,1.5289013,1.5289013,1.6189014,1.8789014,1.4189013,1.5189013,1.0289013,0.52890134,0.87890136,0.9889014,0.76890135,0.87890136,1.0889014,1.2489014,0.95890135,0.89890134,1.4289013
0.22890137,-3.1610987,-5.1610985,-7.031099,-4.761099,0.45890138,0.9189014,1.8989013,1.6189014,1.0489013,2.5289013,0.028901367,0.018901367,-0.79109865,-1.6610986,-1.2510986,-0.27109864,-0.6310986,5.4189014,7.8289013,9.738901,13.268902,5.0689015,5.1189013,4.8789015,4.3289013,4.158901,4.8389015,4.7889013,4.678901,5.7789016,4.4589014,4.2989016,3.6989014,2.7789013,6.8589015,3.2089014,2.3389013,2.2789013,1.5989014,1.8289014,1.7789013,1.7489014,2.0989013,1.7089014,1.5189013,0.8689014,0.9289014,0.9289014,0.6589014,0.83890134,0.38890135,0.5389014,0.51890135,0.7989014,1.3989013,2.0189013,2.2089014
1.6689013,-1.5110986,-3.8410985,-6.7310987,-0.19109863,1.9589014,1.5689014,1.5189013,2.6789014,-0.7010986,-0.68109864,-1.1310986,-0.92109865,1.2689013,1.0789014,1.5889014,2.6189013,2.8089013,8.318901,8.728901,9.418901,12.538901,5.9189014,4.9989014,4.988901,4.2889013,4.1289015,4.6089015,4.388901,3.9389014,3.6689014,9.688901,9.188901,2.9589014,2.6389015,2.8289013,5.3289013,2.4389014,2.4789014,2.1389015,1.9289013,1.6889014,0.64890134,0.51890135,0.47890136,0.89890134,1.5389013,1.9389014,1.8389014,1.5989014,1.4989014,1.4289013,0.9289014,0.47890136,0.45890138,0.88890135,1.0489013,1.4189013
3.6189013,0.9089014,-2.3010986,-3.2110987,-4.0210986,1.3289014,1.7789013,0.40890136,-1.1310986,-1.5410986,-1.3010986,-1.3010986,1.6189014,2.9789014,3.4889014,3.4689014,3.3489013,3.6289015,3.5889013,6.658901,10.258902,10.688901,12.468902,10.468902,8.058902,9.858901,9.648901,10.148901,10.808902,9.158901,5.5489016,4.988901,4.138901,2.9189014,1.9789014,2.3589013,1.9489014,2.2589014,2.1389015,1.3489014,1.2789013,1.0289013,0.9789014,1.4489014,1.3589014,0.6589014,0.80890137,0.87890136,0.8489014,1.1189014,0.9089014,1.0589013,0.80890137,1.3489014,1.2389014,1.9489014,1.4789014,1.6689013
6.2789016,3.3289013,0.87890136,-1.5510986,-2.7710986,-3.5910985,0.26890138,-0.011098633,-2.4710987,-1.7210987,-5.5010986,6.3989015,2.4189014,7.678901,7.6889014,4.9789014,3.7389014,3.6989014,6.2889013,10.198901,10.968902,12.458901,12.068901,8.728901,4.6289015,3.8989015,4.1289015,4.738901,4.2289014,3.5289013,2.5189013,2.1789014,1.9289013,1.9789014,2.3489013,1.9889014,1.4589014,1.8589014,2.0189013,1.5989014,2.3489013,1.7989013,1.7189014,1.5089014,1.5989014,1.4789014,1.5189013,1.6089014,1.2289014,1.0389013,1.2489014,1.1489013,0.93890136,0.7889014,0.8689014,1.0189013,1.1189014,0.57890135
9.168901,5.658901,3.3089013,0.34890136,-1.6810986,-2.8310986,-4.1810985,-2.9410987,-1.6110986,-5.5610986,-2.0510986,9.488901,7.448901,6.3589015,6.7689013,5.5289016,4.5289016,9.078901,9.988901,7.8189015,10.888902,12.408901,9.498901,10.228901,10.848902,3.6489015,3.2389014,3.3989015,4.8589015,2.1289015,2.4989014,2.6689014,2.1289015,2.4989014,2.2489014,2.1989014,1.7689013,2.1389015,1.5089014,0.9689014,0.9789014,1.1389014,1.0889014,1.0289013,0.9089014,0.63890135,0.6589014,0.64890134,0.55890137,0.64890134,0.63890135,0.81890136,0.80890137,0.7989014,0.68890136,0.9089014,1.0789014,1.3089013
10.198901,9.278901,6.0389013,2.4089015,1.0689014,0.7189014,-0.62109864,-1.7910986,-1.7310987,-0.031098632,2.3389013,6.6489015,10.288901,5.468901,7.3089013,5.488901,4.6189013,8.438901,8.788901,8.998901,9.558902,11.348902,3.9389014,4.8989015,5.1889014,3.5289013,3.2789013,2.9289014,2.9689014,2.4789014,2.0489013,2.2989013,2.8389013,2.2789013,1.9989014,1.7889013,1.9289013,1.8489014,2.2489014,1.6289014,2.2289014,1.8289014,1.1289014,0.56890136,0.56890136,0.52890134,0.39890137,-0.021098632,0.118901365,0.20890136,-0.11109863,-0.06109863,0.038901366,0.16890137,0.45890138,1.6789013,1.7289014,2.1089013
11.458901,9.298902,8.138902,6.178901,3.3889015,1.4089013,0.048901368,0.16890137,0.9889014,1.6389014,2.6389015,5.5189013,6.468901,4.8289013,3.8989015,8.198901,8.218902,7.4989014,7.7889013,6.9189014,8.228901,8.658901,5.3289013,4.0589013,4.178901,4.1289015,2.5489013,2.2989013,2.3389013,2.7089014,2.5089014,2.8789015,2.1389015,2.2489014,2.5389013,2.2989013,2.5089014,2.0589013,1.9389014,1.5989014,1.4889014,1.2689013,1.1989014,1.0289013,0.89890134,0.48890138,0.29890138,0.37890136,0.46890137,0.018901367,0.06890137,0.47890136,0.95890135,1.3289014,1.1189014,1.8189014,2.3589013,1.8989013
10.238901,10.868901,8.778901,7.678901,5.5189013,4.2089014,2.8889015,1.6389014,1.1489013,1.2789013,2.4789014,3.3389013,4.3589015,6.158901,5.888901,4.908901,5.7789016,6.9989014,5.8989015,6.3689013,8.768902,6.638901,2.8389013,3.0289013,2.7989013,2.0889013,1.8289014,2.8289013,2.7489014,2.9189014,2.1589015,3.2489014,2.0389013,2.0189013,1.8689014,1.5689014,1.5889014,1.4289013,2.0289013,1.9489014,1.2789013,0.81890136,1.1589013,0.8589014,0.56890136,0.64890134,0.43890136,0.25890136,0.118901365,-0.17109863,1.3789014,0.8689014,1.2489014,1.2389014,1.1189014,1.2389014,0.55890137,0.9189014
10.438901,11.078901,9.638902,7.9189014,6.7889013,5.0689015,4.198901,1.5089014,7.158901,4.9389014,3.6589015,4.0089016,3.6989014,2.9389014,2.5189013,3.1089013,2.6889014,2.2989013,2.2389014,3.8689013,3.3289013,3.3189013,2.3489013,2.0789013,1.4489014,2.4089015,1.9489014,2.4089015,2.7489014,1.7089014,2.4389014,2.2789013,1.7789013,1.6889014,1.4389014,1.7989013,1.7689013,1.6089014,2.3489013,2.4789014,2.2889013,1.5989014,1.5589013,1.2689013,0.94890136,0.6789014,0.37890136,-0.32109863,0.44890136,0.95890135,0.6089014,0.018901367,0.99890137,0.49890137,1.4289013,1.2989013,2.0389013,1.1289014
6.5489016,8.648901,9.488901,7.5089016,5.8089013,4.988901,3.1889014,2.5689013,3.3289013,2.6489015,2.0789013,1.5989014,1.5389013,1.0389013,0.9189014,1.2289014,1.2489014,1.7389014,2.3489013,2.5689013,1.4489014,1.5689014,1.4289013,2.2589014,2.3689013,2.2389014,2.0789013,1.7489014,1.4789014,1.0689014,1.2689013,0.5489014,0.9789014,0.95890135,0.5389014,1.4189013,1.2989013,1.7289014,1.6489013,1.4889014,0.99890137,1.2989013,0.99890137,0.35890138,0.8589014,0.18890136,-0.07109863,-0.60109866,-0.7110986,-1.7110987,-0.19109863,-0.18109864,0.008901367,0.55890137,1.6789013,2.1389015,1.8189014,1.1989014
6.5389013,5.928901,9.208901,6.8789015,6.6289015,3.2389014,2.8689013,3.4189014,1.9789014,2.3689013,2.0389013,0.8589014,-1.1010987,-0.6310986,0.51890135,1.2289014,1.3189014,1.9589014,1.5289013,2.0189013,1.2389014,1.2989013,1.3289014,1.4689014,1.5989014,1.5889014,1.1589013,0.81890136,0.43890136,0.45890138,0.30890137,0.15890136,0.118901365,0.24890137,0.48890138,0.078901365,0.5989014,0.45890138,0.89890134,0.7389014,0.9189014,1.0889014,0.8589014,0.7989014,-0.021098632,-1.1510986,-1.0110986,-1.2810986,-1.3810986,-1.0310986,-0.16109863,0.7189014,1.1889014,1.2589014,1.4589014,1.2789013,1.7289014,1.5589013
7.2589016,8.118901,6.8289013,4.3589015,3.8689013,3.3889015,3.2689013,1.1589013,1.1489013,1.3889014,0.77890134,-0.9610986,0.7189014,1.9589014,1.2689013,2.5289013,0.93890136,-0.67109865,1.4189013,1.3789014,1.6389014,1.0489013,1.1589013,1.7389014,1.2689013,1.0489013,1.0089014,0.70890135,0.8489014,0.57890135,-0.021098632,-0.031098632,-0.47109863,0.078901365,-0.031098632,-0.16109863,0.30890137,0.30890137,0.24890137,-0.14109863,0.23890136,0.8689014,0.45890138,0.008901367,-0.46109864,-0.79109865,-2.2710986,-1.5410986,-1.7310987,0.25890136,0.9289014,1.3889014,2.0989013,2.1789014,2.2089014,2.0989013,2.0989013,2.3089013
10.438901,8.198901,3.8289013,3.4489014,3.4289014,2.1689014,0.94890136,1.4989014,0.88890135,0.5389014,-1.8710986,0.62890136,0.16890137,0.20890136,1.0189013,1.3789014,0.40890136,0.048901368,1.3889014,0.64890134,0.47890136,0.5389014,0.9189014,0.6689014,0.47890136,0.7989014,0.26890138,0.33890137,-0.41109863,-0.32109863,-0.92109865,-0.54109865,-0.5810986,-0.61109865,-0.34109864,-0.08109863,-0.051098634,-0.31109864,-0.21109863,-0.19109863,0.048901368,0.12890136,-0.18109864,0.048901368,-0.021098632,-0.80109864,-1.7310987,-0.50109863,0.81890136,1.4889014,1.8189014,2.0689013,2.1689014,2.3589013,2.3089013,2.5089014,2.3989015,2.7289014
4.8389015,4.2589016,2.6789014,3.0389013,1.6489013,2.4789014,1.4689014,1.2489014,0.19890137,-0.27109864,-0.36109865,-0.26109862,-0.30109864,-0.17109863,0.56890136,-0.38109863,-0.0010986328,0.49890137,-0.40109864,1.0789014,-0.7810986,0.38890135,0.41890135,0.52890134,0.028901367,-0.0010986328,-0.08109863,-0.73109865,-0.7110986,-1.0110986,-1.0710987,-1.6510986,-1.5110986,-0.8810986,-1.4010986,-1.4110986,-1.0210986,-0.101098634,-0.5210986,-0.31109864,-0.23109864,-0.0010986328,-0.18109864,-0.11109863,-1.0810987,-0.25109863,-0.41109863,0.09890137,1.2189014,1.4389014,1.3189014,1.3989013,1.4889014,1.7089014,2.0189013,2.2189014,2.3789015,2.3289013
3.1489015,3.0889013,2.4289014,2.7889013,2.0189013,1.1989014,-0.92109865,-0.9510986,0.078901365,0.63890135,1.1189014,-0.69109863,-0.72109866,1.1089014,0.5489014,1.3489014,0.028901367,-0.73109865,-0.30109864,-0.40109864,0.29890138,1.9889014,1.6289014,0.7189014,-0.22109863,-0.8410986,0.20890136,-1.4710987,-1.6210986,-2.3310986,-2.7810986,-1.4710987,-2.0510986,-1.7610986,-2.0610986,-0.97109866,-0.13109863,1.2189014,1.4289013,0.8489014,0.43890136,-0.09109864,-1.0810987,-0.16109863,-0.80109864,-0.79109865,-0.33109865,0.078901365,0.80890137,1.0289013,0.9289014,1.4589014,1.5089014,1.3489014,1.7689013,1.8789014,1.6289014,1.4389014
2.9389014,2.8489013,2.2389014,1.2089014,-0.25109863,-1.7710986,0.17890137,-0.7810986,-0.5310986,-0.98109865,-1.0110986,1.2289014,-2.1810987,-2.7710986,-0.61109865,-0.46109864,-0.43109864,-0.14109863,-0.20109864,-0.35109863,0.9789014,2.1289015,2.3389013,-0.93109864,-1.2510986,0.24890137,-0.48109862,-1.6810986,-2.2710986,-2.9110987,-3.0710986,-1.8710986,-1.8410987,-1.0410986,-1.6310986,-0.7110986,0.95890135,0.37890136,0.6189014,0.74890137,0.26890138,0.23890136,-0.15109864,0.008901367,-0.20109864,-0.5310986,-0.37109864,-0.55109864,-0.6310986,-0.29109862,0.20890136,0.078901365,0.62890136,1.4289013,1.3889014,0.6089014,0.62890136,-0.48109862
2.1089013,1.0489013,0.9889014,0.06890137,-0.31109864,-2.2910986,-0.7010986,-1.8010986,-2.2610986,-1.9310986,-1.6510986,-1.3210987,-1.0210986,-1.6210986,0.30890137,-0.5910986,-0.29109862,0.37890136,0.18890136,0.80890137,1.3489014,2.1589015,0.5989014,-0.37109864,0.12890136,0.10890137,1.2489014,-1.2910986,-2.4710987,-3.2210987,-6.281099,3.3989015,2.4689014,-0.62109864,0.018901367,0.048901368,6.0489016,5.1189013,2.3889015,1.4389014,0.62890136,0.118901365,0.37890136,0.34890136,-0.49109864,-1.2810986,-1.6110986,-1.1610986,-0.6410986,0.55890137,1.3489014,2.1089013,0.74890137,0.80890137,0.8689014,0.20890136,0.35890138,-0.7810986
0.9289014,-0.41109863,-0.61109865,-1.0910987,-0.8410986,-2.8510985,-1.4110986,-0.21109863,-0.27109864,-0.9010986,0.018901367,-1.3910986,-1.3010986,1.1789013,-0.9510986,0.95890135,1.2389014,0.48890138,0.51890135,0.58890134,0.55890137,1.8989013,-0.38109863,0.56890136,0.10890137,0.48890138,1.2489014,1.5089014,-1.7410986,-2.9810987,-2.8110986,0.81890136,2.1289015,3.3589013,3.1289015,-0.011098633,4.7789016,3.0889013,0.70890135,0.82890135,-0.91109866,0.6089014,1.5389013,1.1089014,-0.7010986,-1.8410987,-1.2810986,-0.6310986,0.41890135,1.2889013,1.4589014,1.3789014,1.2189014,0.52890134,1.0389013,1.5289013,0.34890136,0.47890136
-0.69109863,-0.94109863,-1.4110986,-1.1810986,-1.8010986,-5.2010984,-2.2710986,-0.5710986,-1.5310986,4.8189015,3.8089013,0.5989014,2.5489013,2.2189014,0.20890136,-1.7010987,-0.91109866,1.3089013,1.4089013,1.2189014,0.5389014,1.4889014,0.25890136,-0.16109863,-0.46109864,0.99890137,1.3189014,0.62890136,-0.72109866,-3.4610987,-1.6810986,1.2189014,1.5089014,0.7889014,-0.6510986,0.6089014,0.77890134,2.8289013,3.3289013,2.7489014,1.9689014,1.2089014,1.6889014,2.0089014,-1.1010987,-1.6410986,-1.0710987,0.74890137,2.6889014,3.5489013,4.4589014,1.3689014,0.48890138,2.0389013,0.9789014,0.89890134,0.6589014,0.27890137
4.2789016,2.5389013,-0.48109862,-4.6710987,-8.861098,-13.291099,-2.6910987,0.28890136,4.968901,5.6089015,5.0389013,-0.36109865,1.7789013,2.6289015,1.6089014,-0.55109864,-0.46109864,0.9789014,0.27890137,-0.54109865,1.5489013,-0.09109864,0.46890137,-0.6410986,1.9289013,0.31890136,-0.34109864,-1.7710986,-3.7010987,-3.5710986,-2.4210987,-1.2410986,-1.4410987,-1.2910986,-2.4010987,-2.2210987,0.13890137,0.46890137,0.7189014,1.8289014,-2.7510986,-1.3910986,-1.2410986,-0.30109864,0.48890138,0.25890136,0.7189014,0.20890136,4.988901,4.5989013,4.488901,4.8289013,1.0689014,0.6589014,0.018901367,0.76890135,0.34890136,0.14890137
-1.8010986,-1.7710986,-1.2410986,-0.43109864,-13.821098,-11.181099,-6.4510984,-1.3110986,1.7689013,0.21890137,2.8489013,4.3989015,-0.14109863,-0.06109863,2.1289015,2.2889013,1.2889013,0.21890137,0.118901365,0.36890137,1.3789014,-0.67109865,-1.3410987,-0.35109863,1.0889014,-0.86109865,-0.38109863,-0.08109863,-1.4210986,-5.1010985,-5.4210987,-4.1410985,0.30890137,1.6489013,1.5789014,0.9089014,-0.86109865,-2.7810986,4.8689013,1.2589014,-5.8910985,-4.2510986,0.22890137,2.0889013,1.0489013,0.21890137,-1.4510987,4.948901,0.57890135,5.0189013,6.0689015,4.6289015,4.488901,-0.35109863,1.5889014,0.9089014,0.06890137,-1.0910987
3.0189013,-3.0810986,-1.7810986,-7.6610985,-14.731098,-10.351099,-6.7210984,-3.6410987,4.698901,2.5689013,0.14890137,1.6189014,2.4289014,1.2089014,-1.5410986,1.3189014,1.8789014,2.0289013,1.8789014,0.078901365,0.10890137,0.22890137,-2.2810986,-1.2610986,0.32890138,-2.0710986,-1.6410986,-2.0210986,-1.8310987,-1.1110986,0.62890136,0.6689014,0.30890137,1.2589014,0.69890136,1.3389014,1.1189014,1.9689014,0.5389014,1.6089014,0.28890136,0.7389014,2.5789013,2.6289015,0.06890137,1.0089014,-0.61109865,-1.1610986,-1.0710987,2.7989013,8.988901,4.6089015,3.2389014,0.9789014,0.56890136,-0.49109864,-0.68109864,-1.4110986
