public/data/weather/current/current-tmp-surface-level-gfs-1.0.json
{"header": { "discipline":0, "disciplineName":"Meteorological products", "gribEdition":2, "gribLength":50866, "center":7, "centerName":"US National Weather Service - NCEP(WMC)", "subcenter":0, "refTime":"2025-12-04T00:00:00.000Z", "significanceOfRT":1, "significanceOfRTName":"Start of forecast", "productStatus":0, "productStatusName":"Operational products", "productType":1, "productTypeName":"Forecast products", "productDefinitionTemplate":0, "productDefinitionTemplateName":"Analysis/forecast at horizontal level/layer at a point in time", "parameterCategory":0, "parameterCategoryName":"Temperature", "parameterNumber":0, "parameterNumberName":"Temperature", "parameterUnit":"K", "genProcessType":2, "genProcessTypeName":"Forecast", "forecastTime":0, "surface1Type":1, "surface1TypeName":"Ground or water surface", "surface1Value":0.0, "surface2Type":255, "surface2TypeName":"Missing", "surface2Value":0.0, "gridDefinitionTemplate":0, "gridDefinitionTemplateName":"Latitude_Longitude", "numberPoints":65160, "shape":6, "shapeName":"Earth spherical with radius of 6,371,229.0 m", "gridUnits":"degrees", "resolution":48, "winds":"true", "scanMode":0, "nx":360, "ny":181, "basicAngle":0, "lo1":0.0, "la1":90.0, "lo2":359.0, "la2":-90.0, "dx":1.0, "dy":1.0 }, "data":
[rows 54 to 80 of 181, columns 122 to 182 of 360]
286.6474,286.5474,286.0474,285.1474,285.4474,272.34738,270.5474,270.0474,290.9474,289.9474,289.0474,291.34738,290.74738,290.6474,288.74738,271.1474,272.9474,278.1474,282.34738,291.9474,294.6474,294.34738,294.0474,293.74738,294.34738,293.6474,293.74738,293.4474,293.6474,293.9474,293.9474,294.24738,294.1474,293.9474,293.6474,293.74738,293.0474,292.24738,291.9474,293.5474,293.1474,292.84738,292.5474,292.34738,291.6474,291.24738,292.1474,291.74738,291.34738,290.0474,289.34738,289.74738,291.24738,291.5474,291.34738,291.1474,291.1474,291.24738,291.74738,291.5474,290.84738
287.4474,287.24738,286.5474,286.5474,285.0474,273.74738,280.24738,287.0474,292.1474,292.5474,292.1474,274.74738,276.24738,277.1474,277.74738,280.1474,276.24738,282.4474,288.34738,295.1474,294.1474,293.9474,293.9474,294.0474,294.6474,294.34738,294.24738,293.84738,293.74738,293.4474,293.84738,294.0474,294.4474,294.34738,294.0474,293.34738,293.5474,293.1474,292.9474,293.74738,293.5474,292.74738,292.74738,292.5474,292.74738,292.84738,292.34738,291.6474,291.4474,291.4474,291.6474,292.0474,291.24738,291.6474,292.0474,291.9474,292.0474,292.0474,291.9474,291.9474,291.6474
286.34738,287.6474,287.6474,287.5474,289.84738,291.1474,292.0474,292.9474,292.74738,281.1474,279.9474,278.5474,273.84738,292.4474,275.6474,292.4474,292.84738,294.6474,296.0474,294.74738,293.6474,294.0474,294.1474,294.24738,294.6474,294.6474,294.5474,294.34738,293.9474,294.1474,294.84738,294.34738,294.24738,294.4474,294.4474,294.5474,294.9474,294.74738,294.34738,294.1474,294.0474,293.6474,293.24738,293.6474,293.74738,293.0474,292.4474,292.5474,293.0474,293.1474,293.34738,293.24738,292.1474,291.9474,292.6474,292.74738,292.5474,292.34738,292.4474,292.24738,291.5474
285.4474,288.24738,288.6474,291.74738,293.1474,294.1474,294.0474,293.34738,279.1474,275.74738,292.9474,278.4474,295.5474,296.6474,296.6474,296.4474,295.9474,296.34738,296.24738,295.84738,294.84738,295.34738,294.6474,294.34738,294.34738,293.84738,294.5474,295.0474,294.74738,294.84738,295.1474,294.74738,295.1474,295.1474,294.84738,294.74738,294.5474,294.74738,294.5474,294.0474,294.34738,293.9474,294.34738,294.9474,294.34738,293.5474,292.84738,292.34738,292.6474,293.4474,293.6474,293.24738,293.0474,292.24738,291.84738,292.6474,292.84738,292.9474,292.84738,293.0474,292.74738
286.1474,289.74738,290.4474,291.0474,293.4474,294.9474,295.74738,296.0474,294.34738,276.74738,295.4474,296.74738,296.4474,295.74738,295.5474,295.74738,295.9474,295.6474,296.0474,296.0474,295.4474,295.34738,295.74738,295.6474,294.74738,294.5474,294.6474,295.0474,295.34738,295.34738,295.34738,294.74738,294.9474,294.6474,294.5474,294.6474,295.0474,295.1474,294.6474,294.24738,294.9474,295.1474,294.84738,294.34738,294.34738,293.84738,293.74738,294.0474,293.74738,293.84738,293.84738,293.34738,293.24738,293.0474,293.34738,294.4474,294.4474,293.34738,293.4474,294.0474,293.1474
286.74738,291.4474,292.1474,292.34738,293.9474,294.84738,295.74738,296.74738,296.24738,294.34738,296.4474,296.24738,295.5474,295.6474,295.5474,295.5474,295.5474,295.84738,296.1474,296.1474,295.74738,295.6474,296.1474,295.74738,295.1474,295.24738,295.4474,295.34738,295.6474,295.74738,295.24738,295.0474,295.5474,295.0474,295.24738,295.9474,296.74738,297.4474,295.6474,294.84738,294.6474,295.1474,295.6474,295.24738,295.24738,294.74738,295.1474,295.24738,295.0474,294.74738,295.24738,295.4474,294.1474,293.74738,294.34738,295.5474,294.84738,293.74738,294.0474,294.6474,294.5474
287.4474,292.1474,293.84738,294.0474,293.9474,295.24738,296.4474,297.0474,297.0474,296.6474,297.0474,296.1474,295.6474,295.84738,295.9474,295.84738,295.84738,295.74738,296.1474,296.0474,296.4474,296.74738,296.6474,295.84738,295.5474,295.6474,295.84738,295.4474,295.4474,295.6474,295.74738,295.84738,296.1474,295.9474,296.0474,296.0474,296.5474,297.1474,297.34738,297.1474,296.74738,296.5474,296.34738,296.74738,296.74738,296.24738,295.4474,295.74738,295.5474,295.6474,296.0474,296.74738,296.74738,295.6474,295.0474,295.4474,295.9474,295.34738,295.84738,295.5474,295.6474
288.84738,294.24738,293.9474,294.74738,295.1474,296.74738,297.6474,297.24738,297.1474,297.24738,297.0474,296.6474,295.6474,296.0474,296.1474,296.0474,296.5474,296.34738,296.4474,296.6474,297.4474,297.24738,297.34738,296.84738,296.84738,296.5474,296.74738,296.1474,296.84738,296.84738,296.9474,296.84738,297.1474,297.9474,297.84738,297.6474,297.5474,297.34738,297.74738,297.9474,297.24738,297.1474,297.34738,297.6474,297.9474,297.4474,297.0474,296.6474,296.4474,295.84738,296.34738,296.74738,297.4474,297.1474,296.24738,297.0474,297.34738,297.34738,296.6474,296.5474,296.6474
292.34738,295.0474,294.74738,295.0474,296.74738,297.6474,297.34738,297.5474,297.74738,297.24738,297.34738,297.4474,297.0474,297.0474,296.34738,296.24738,297.5474,297.1474,297.1474,297.4474,297.84738,297.4474,297.24738,297.0474,297.34738,297.74738,297.84738,297.4474,297.9474,298.4474,298.0474,297.5474,297.5474,298.74738,298.5474,298.4474,298.1474,297.9474,298.1474,298.34738,298.1474,297.24738,297.74738,298.0474,298.1474,298.24738,298.4474,297.9474,297.5474,296.74738,296.6474,296.84738,297.74738,297.84738,296.9474,297.4474,298.0474,297.5474,297.34738,297.0474,296.6474
294.84738,296.5474,296.0474,296.5474,297.6474,297.6474,297.0474,297.9474,297.9474,297.1474,297.9474,298.1474,298.0474,297.9474,297.84738,297.74738,298.34738,298.0474,297.9474,298.5474,298.6474,298.74738,298.0474,297.34738,298.24738,298.6474,298.34738,298.24738,298.24738,298.5474,298.5474,298.74738,299.0474,299.24738,299.1474,298.9474,298.34738,298.0474,298.0474,298.24738,298.9474,298.5474,299.5474,299.6474,298.84738,298.74738,298.9474,298.5474,298.4474,297.9474,297.9474,297.5474,298.1474,298.24738,297.4474,297.84738,298.34738,297.4474,297.0474,297.0474,297.34738
295.24738,298.24738,297.9474,297.9474,297.84738,298.0474,297.9474,298.4474,298.1474,297.74738,298.0474,298.6474,298.24738,298.1474,298.0474,298.24738,298.4474,298.34738,298.6474,299.34738,299.5474,299.74738,299.4474,299.5474,299.5474,299.0474,298.9474,298.74738,298.9474,299.1474,299.24738,299.34738,299.24738,299.34738,299.6474,299.1474,298.84738,298.84738,299.6474,299.9474,299.5474,299.0474,299.24738,299.4474,299.24738,298.84738,299.0474,299.0474,299.0474,298.6474,298.6474,298.84738,299.0474,298.9474,298.34738,298.34738,298.5474,298.24738,298.24738,298.1474,298.0474
296.1474,298.0474,296.4474,297.9474,298.34738,298.24738,298.24738,298.5474,297.9474,297.9474,297.9474,298.24738,298.9474,299.1474,298.9474,298.74738,298.34738,298.84738,299.24738,299.74738,300.1474,300.0474,300.24738,300.4474,300.34738,299.9474,299.6474,299.4474,299.84738,300.34738,300.0474,299.74738,299.84738,299.9474,300.34738,299.84738,299.74738,300.1474,300.1474,299.84738,299.1474,298.9474,299.34738,299.4474,299.34738,299.6474,299.9474,299.74738,299.74738,299.5474,299.5474,299.4474,299.5474,299.34738,298.9474,298.6474,298.74738,298.6474,299.1474,298.9474,298.84738
298.0474,299.1474,297.84738,298.84738,298.84738,298.6474,298.5474,298.5474,298.34738,298.4474,297.84738,298.0474,298.84738,299.74738,299.84738,299.5474,299.34738,299.74738,300.5474,300.84738,300.84738,300.6474,300.84738,300.9474,300.9474,300.74738,300.34738,300.0474,300.24738,300.74738,300.4474,300.24738,300.1474,300.4474,300.74738,300.4474,300.34738,300.4474,300.4474,300.24738,300.0474,299.6474,299.9474,299.6474,299.6474,300.1474,300.34738,300.0474,299.84738,299.5474,299.34738,299.6474,299.5474,299.34738,299.24738,298.84738,299.1474,299.0474,299.34738,299.34738,299.1474
298.4474,298.6474,298.24738,298.9474,299.0474,299.1474,298.5474,298.4474,298.0474,298.24738,298.24738,298.6474,299.4474,300.0474,300.24738,299.74738,300.1474,300.34738,300.84738,301.1474,301.5474,301.34738,301.1474,301.0474,301.34738,301.34738,301.34738,300.9474,300.74738,301.1474,301.24738,301.1474,300.6474,300.4474,301.0474,300.9474,300.74738,300.4474,300.6474,300.74738,300.84738,300.74738,300.6474,300.34738,300.34738,300.34738,300.5474,299.9474,299.6474,299.5474,299.6474,299.6474,299.84738,299.5474,299.34738,299.34738,299.34738,299.4474,299.4474,299.4474,299.4474
299.5474,299.34738,298.4474,299.1474,299.34738,299.4474,299.0474,298.9474,298.84738,299.1474,299.84738,300.0474,300.24738,300.5474,300.74738,300.84738,300.84738,300.74738,301.34738,301.6474,301.74738,301.5474,301.5474,301.24738,301.5474,301.4474,301.4474,301.34738,301.0474,301.34738,301.6474,301.5474,301.24738,301.0474,301.1474,301.24738,301.0474,300.74738,300.74738,300.9474,300.84738,301.0474,301.1474,300.6474,300.5474,300.4474,300.4474,299.9474,299.5474,299.6474,299.84738,299.9474,299.9474,299.74738,299.6474,299.4474,299.4474,299.5474,299.34738,299.4474,299.4474
300.0474,299.6474,298.84738,298.9474,299.4474,299.6474,299.74738,299.84738,300.34738,300.74738,300.9474,301.34738,301.1474,300.9474,300.9474,301.4474,301.5474,301.34738,301.74738,302.0474,301.9474,301.9474,301.74738,301.6474,301.6474,301.5474,301.6474,301.74738,301.6474,301.4474,301.5474,301.5474,301.34738,301.34738,301.34738,301.34738,301.24738,301.1474,301.1474,301.24738,301.1474,301.34738,301.1474,300.84738,300.6474,300.34738,300.24738,300.0474,299.74738,300.0474,300.1474,300.34738,300.34738,300.24738,299.9474,299.84738,299.6474,299.5474,299.4474,299.4474,299.5474
300.84738,300.24738,299.6474,299.1474,299.4474,300.0474,300.5474,300.6474,300.9474,301.5474,301.84738,301.84738,301.74738,301.5474,301.4474,301.74738,302.0474,302.0474,301.9474,302.1474,302.24738,302.0474,302.0474,302.0474,302.1474,302.0474,301.9474,301.84738,301.6474,301.5474,301.74738,301.5474,301.34738,301.5474,301.4474,301.5474,301.5474,301.4474,301.34738,301.4474,301.34738,301.24738,301.24738,301.0474,300.84738,300.5474,300.6474,300.34738,300.1474,300.24738,300.4474,300.34738,300.24738,300.1474,300.24738,300.1474,299.9474,300.0474,299.74738,299.5474,299.6474
300.24738,300.74738,300.5474,299.84738,299.84738,300.6474,301.0474,301.5474,301.84738,302.24738,302.1474,302.0474,302.0474,301.9474,301.9474,302.1474,302.1474,302.1474,302.1474,302.34738,302.34738,302.1474,302.24738,302.24738,302.24738,302.0474,301.74738,301.84738,301.74738,301.74738,301.74738,301.6474,301.4474,301.6474,301.4474,301.4474,301.4474,301.5474,301.4474,301.4474,301.34738,301.1474,300.9474,300.74738,300.74738,300.5474,300.74738,300.6474,300.6474,300.6474,300.5474,300.5474,300.5474,300.24738,300.1474,300.1474,300.0474,300.34738,300.4474,300.1474,300.0474
293.34738,301.24738,301.0474,300.9474,301.0474,301.4474,301.74738,301.74738,302.0474,302.24738,302.1474,302.24738,302.24738,302.24738,302.1474,302.0474,301.9474,302.1474,302.1474,302.24738,302.1474,302.0474,302.1474,302.1474,302.0474,301.74738,301.74738,302.0474,301.9474,301.6474,301.74738,301.74738,301.6474,301.6474,301.5474,301.4474,301.5474,301.4474,301.34738,301.4474,301.4474,301.24738,300.9474,300.84738,301.0474,300.9474,300.9474,300.84738,300.84738,300.6474,300.74738,300.6474,300.4474,300.4474,300.4474,300.24738,300.34738,300.34738,300.34738,300.24738,300.1474
295.5474,301.24738,301.4474,301.4474,301.84738,301.9474,302.24738,302.24738,302.0474,302.24738,302.24738,302.4474,302.5474,302.4474,302.34738,302.34738,302.34738,302.34738,302.34738,302.24738,301.84738,301.84738,301.84738,301.9474,301.84738,301.74738,301.9474,302.1474,302.0474,301.84738,301.84738,301.5474,301.5474,301.6474,301.5474,301.74738,301.74738,301.5474,301.4474,301.5474,301.5474,301.24738,301.0474,301.1474,301.24738,301.24738,301.0474,300.9474,300.84738,300.74738,300.84738,300.5474,300.5474,300.5474,300.5474,300.34738,300.34738,300.24738,300.24738,300.1474,300.1474
300.9474,301.5474,301.6474,301.6474,301.84738,302.1474,302.1474,302.24738,302.24738,302.24738,302.34738,302.84738,302.74738,302.5474,302.4474,302.4474,302.4474,302.4474,302.24738,302.0474,301.9474,301.9474,301.84738,301.9474,302.0474,302.1474,302.1474,302.24738,302.1474,301.9474,301.84738,301.74738,301.74738,301.74738,301.6474,301.4474,301.4474,301.4474,301.4474,301.5474,301.4474,301.24738,301.24738,301.24738,301.24738,301.1474,300.9474,300.84738,300.84738,300.74738,300.6474,300.74738,300.74738,300.5474,300.5474,300.34738,300.24738,300.24738,300.34738,300.24738,300.0474
299.34738,301.4474,301.74738,301.6474,301.84738,302.1474,302.24738,302.4474,302.4474,302.34738,302.5474,302.84738,302.84738,302.6474,302.5474,302.34738,302.24738,302.24738,302.0474,302.0474,302.0474,302.0474,301.9474,302.0474,302.1474,302.1474,302.0474,302.24738,302.24738,302.0474,301.9474,301.84738,301.84738,301.74738,301.6474,301.34738,301.34738,301.34738,301.4474,301.6474,301.4474,301.24738,301.24738,301.1474,301.24738,301.24738,301.0474,300.74738,300.6474,300.74738,300.74738,300.84738,300.9474,300.74738,300.4474,300.4474,300.34738,300.4474,300.34738,300.24738,300.24738
301.34738,299.24738,301.5474,301.74738,302.0474,302.4474,302.5474,302.6474,302.4474,302.4474,302.5474,302.5474,302.74738,302.74738,302.74738,302.5474,302.4474,301.9474,301.84738,301.9474,302.0474,302.1474,302.24738,302.1474,302.1474,302.0474,301.9474,302.1474,302.1474,301.9474,301.9474,301.84738,302.0474,301.74738,301.74738,301.6474,301.4474,301.34738,301.34738,301.4474,301.24738,301.1474,301.1474,301.0474,301.1474,301.34738,301.24738,300.9474,300.74738,300.6474,300.74738,300.84738,301.24738,300.74738,300.4474,300.4474,300.4474,300.4474,300.34738,300.34738,300.4474
301.6474,301.1474,299.1474,301.84738,302.1474,302.5474,302.84738,302.84738,302.4474,302.34738,302.24738,302.34738,302.4474,302.74738,302.74738,302.5474,302.34738,302.0474,301.9474,302.0474,302.1474,302.24738,302.24738,302.0474,301.9474,301.74738,301.74738,301.74738,301.9474,301.9474,301.9474,301.84738,301.84738,301.6474,301.74738,301.6474,301.34738,301.34738,301.4474,301.34738,301.34738,301.1474,301.1474,301.1474,301.0474,301.24738,301.0474,300.9474,300.84738,300.74738,300.74738,300.84738,300.84738,300.5474,300.4474,300.34738,300.34738,300.34738,300.34738,300.24738,300.34738
301.6474,302.4474,299.24738,296.4474,302.1474,302.4474,302.74738,302.74738,302.24738,302.1474,302.34738,302.34738,302.6474,302.5474,302.4474,302.34738,302.24738,302.24738,302.1474,302.24738,302.34738,302.34738,302.24738,302.24738,301.9474,301.6474,301.6474,301.84738,301.84738,301.84738,301.74738,301.74738,301.6474,301.6474,301.74738,301.74738,301.4474,301.4474,301.4474,301.34738,301.4474,301.4474,301.34738,301.24738,301.1474,301.1474,300.9474,300.9474,300.84738,300.6474,300.5474,300.6474,300.84738,300.84738,300.84738,300.6474,300.6474,300.6474,300.6474,300.4474,300.34738
302.1474,302.34738,300.0474,300.6474,301.9474,302.5474,302.4474,302.4474,302.24738,302.24738,302.4474,303.0474,302.9474,302.74738,302.5474,302.34738,302.24738,302.34738,302.34738,302.5474,302.6474,302.6474,302.4474,302.1474,301.9474,301.84738,301.84738,301.9474,301.9474,301.9474,301.84738,301.74738,301.74738,301.84738,301.84738,301.84738,301.74738,301.5474,301.34738,301.34738,301.4474,301.4474,301.34738,301.34738,301.24738,301.0474,301.0474,301.0474,300.9474,300.74738,300.74738,300.74738,300.74738,300.9474,300.84738,300.74738,300.74738,300.74738,300.84738,300.74738,300.6474
302.24738,298.0474,301.9474,301.74738,301.6474,302.4474,302.34738,302.4474,302.4474,302.4474,302.5474,302.74738,303.24738,302.84738,302.74738,302.6474,302.5474,302.34738,302.5474,302.74738,302.6474,302.5474,302.4474,302.1474,302.0474,302.0474,301.9474,301.84738,301.9474,302.0474,302.0474,301.9474,301.9474,301.9474,301.84738,301.9474,301.84738,301.6474,301.4474,301.34738,301.34738,301.34738,301.5474,301.84738,301.6474,301.1474,300.9474,300.9474,300.84738,300.74738,300.84738,300.9474,300.9474,301.0474,301.1474,300.9474,300.74738,300.74738,300.84738,300.84738,300.6474
