public/data/weather/current/current-wind-surface-level-gfs-1.0.json
{"header": { "discipline":0, "disciplineName":"Meteorological products", "gribEdition":2, "gribLength":78793, "center":7, "centerName":"US National Weather Service - NCEP(WMC)", "subcenter":0, "refTime":"2025-12-04T00:00:00.000Z", "significanceOfRT":1, "significanceOfRTName":"Start of forecast", "productStatus":0, "productStatusName":"Operational products", "productType":1, "productTypeName":"Forecast products", "productDefinitionTemplate":0, "productDefinitionTemplateName":"Analysis/forecast at horizontal level/layer at a point in time", "parameterCategory":2, "parameterCategoryName":"Momentum", "parameterNumber":3, "parameterNumberName":"V-component_of_wind", "parameterUnit":"m.s-1", "genProcessType":2, "genProcessTypeName":"Forecast", "forecastTime":0, "surface1Type":103, "surface1TypeName":"Specified height level above ground", "surface1Value":10.0, "surface2Type":255, "surface2TypeName":"Missing", "surface2Value":0.0, "gridDefinitionTemplate":0, "gridDefinitionTemplateName":"Latitude_Longitude", "numberPoints":65160, "shape":6, "shapeName":"Earth spherical with radius of 6,371,229.0 m", "gridUnits":"degrees", "resolution":48, "winds":"true", "scanMode":0, "nx":360, "ny":181, "basicAngle":0, "lo1":0.0, "la1":90.0, "lo2":359.0, "la2":-90.0, "dx":1.0, "dy":1.0 }, "data":
[rows 130 to 155 of 181, columns 177 to 235 of 360]
14.649519,15.309519,15.319519,14.849519,10.679519,2.559519,-6.770481,-14.440481,-15.210481,-14.500481,-14.710481,-15.720481,-18.970482,-16.81048,-15.590481,-12.250481,-11.830481,-12.570481,-10.760481,-9.150481,-7.120481,-5.730481,-4.4204807,-5.580481,-5.720481,-5.060481,-5.190481,-4.070481,-4.570481,-4.580481,-3.670481,-3.130481,-2.740481,-1.540481,-1.410481,-0.93048096,-1.4704809,-3.250481,-6.1504807,-7.260481,-7.660481,-6.610481,-6.380481,-6.580481,-6.620481,-5.580481,-5.080481,-6.940481,-6.980481,-6.500481,-6.300481,-4.620481,-3.690481,-2.950481,-2.080481,-1.020481,-0.32048094,0.599519,1.679519
14.189519,15.5895195,16.73952,18.149519,15.729519,0.80951905,-12.930481,-17.180481,-16.610481,-15.210481,-14.820481,-15.760481,-16.710482,-16.91048,-15.600481,-13.520481,-12.390481,-11.680481,-11.400481,-9.850481,-7.6704807,-6.570481,-6.140481,-6.410481,-5.800481,-5.680481,-5.330481,-4.850481,-4.040481,-3.420481,-2.3004808,-2.5204809,-0.56048095,-0.62048095,-0.42048097,-0.850481,-2.2604809,-2.960481,-4.540481,-6.690481,-8.4104805,-8.680481,-7.780481,-7.220481,-6.970481,-6.310481,-6.160481,-6.290481,-7.050481,-7.070481,-6.580481,-5.790481,-4.340481,-3.320481,-2.710481,-2.2704809,-0.93048096,-0.39048097,0.72951907
15.419519,16.83952,19.319519,21.539518,14.819519,-6.070481,-9.850481,-14.750481,-15.530481,-15.050481,-14.540481,-16.030481,-17.31048,-17.290482,-15.210481,-13.060481,-12.320481,-12.840481,-11.220481,-9.040481,-8.480481,-7.6504807,-6.840481,-6.260481,-6.330481,-5.430481,-4.440481,-3.830481,-3.0504808,-2.150481,-1.2404809,0.05951904,-0.19048096,-0.37048095,-0.42048097,0.35951903,-2.590481,-0.98048097,-2.910481,-5.390481,-8.260481,-9.570481,-9.180481,-8.730481,-7.960481,-7.300481,-6.790481,-6.040481,-6.210481,-6.690481,-7.260481,-6.720481,-5.9204807,-4.780481,-2.720481,-2.670481,-2.330481,-1.070481,0.019519042
15.5895195,17.08952,19.809519,22.73952,18.979519,-7.1504807,-9.320481,-10.030481,-13.300481,-14.440481,-13.420481,-15.000481,-16.25048,-15.370481,-14.930481,-13.370481,-13.900481,-13.240481,-11.460481,-10.1604805,-8.820481,-7.740481,-6.450481,-5.630481,-4.970481,-4.460481,-4.470481,-3.7804809,-3.090481,-3.100481,-0.37048095,1.859519,2.349519,3.369519,3.4495192,1.6695191,0.19951904,-3.130481,-0.88048095,-3.860481,-6.260481,-8.630481,-9.970481,-10.310481,-9.690481,-8.520481,-7.430481,-7.060481,-6.710481,-6.340481,-6.190481,-6.710481,-6.620481,-5.510481,-4.970481,-3.850481,-1.890481,-1.550481,-0.74048096
14.099519,16.41952,19.029518,23.32952,22.49952,4.389519,-8.430481,-8.680481,-11.060481,-10.770481,-12.920481,-13.870481,-15.190481,-14.770481,-15.510481,-14.940481,-14.430481,-13.040481,-11.540481,-10.750481,-9.250481,-8.890481,-7.100481,-6.030481,-5.210481,-3.880481,-3.610481,-3.8004808,-2.2704809,0.24951905,1.379519,1.839519,2.799519,3.799519,3.369519,3.429519,3.189519,-0.37048095,-1.9604809,-2.0304809,-4.680481,-7.410481,-9.120481,-10.920481,-10.620481,-9.930481,-9.110481,-8.210481,-6.6704807,-6.700481,-6.060481,-6.580481,-6.850481,-6.4004807,-5.540481,-4.880481,-5.090481,-3.440481,-2.0104809
12.919519,15.219519,17.41952,18.799519,21.799519,16.729519,-5.270481,-7.980481,-10.840481,-11.510481,-12.280481,-14.460481,-14.250481,-15.090481,-15.110481,-15.640481,-14.6604805,-14.290481,-11.9104805,-10.960481,-9.730481,-8.300481,-7.880481,-6.790481,-5.870481,-4.980481,-4.000481,-2.650481,-1.420481,0.62951905,0.50951904,2.2195191,2.079519,2.609519,2.9495192,3.749519,4.199519,2.859519,0.87951905,-1.500481,-3.250481,-5.4204807,-8.380481,-9.420481,-10.730481,-10.710481,-10.080481,-8.990481,-8.770481,-8.050481,-7.260481,-6.930481,-6.870481,-6.850481,-6.470481,-5.910481,-5.770481,-4.840481,-4.390481
12.229519,13.449519,15.429519,17.059519,19.48952,19.50952,11.919519,-0.57048094,-7.890481,-10.190481,-9.970481,-10.200481,-12.310481,-13.130481,-16.09048,-14.860481,-14.340481,-12.870481,-11.450481,-10.380481,-9.220481,-8.320481,-7.010481,-5.810481,-5.630481,-4.140481,-3.600481,-2.880481,-1.4604809,-0.27048096,0.97951907,1.7595191,1.599519,1.989519,3.1995192,4.249519,5.0795193,4.019519,2.999519,1.8895191,-1.680481,-4.240481,-6.640481,-8.330481,-9.730481,-10.600481,-10.520481,-10.000481,-9.430481,-8.640481,-8.650481,-7.680481,-7.250481,-6.770481,-6.590481,-6.1704807,-5.550481,-5.380481,-5.190481
9.869519,11.279519,12.959519,14.899519,16.10952,17.84952,15.379519,10.829519,7.359519,1.7795191,-0.36048096,-6.490481,-10.690481,-12.460481,-13.600481,-12.250481,-11.510481,-9.820481,-8.930481,-8.130481,-7.680481,-6.750481,-6.120481,-5.290481,-5.780481,-4.930481,-3.380481,-1.820481,-1.010481,0.07951904,2.849519,2.619519,1.839519,2.099519,4.719519,4.089519,3.939519,2.789519,2.009519,1.499519,0.23951904,-1.070481,-4.240481,-7.130481,-9.110481,-8.970481,-9.970481,-10.530481,-10.310481,-9.330481,-8.970481,-8.760481,-8.500481,-7.4204807,-6.860481,-6.410481,-5.980481,-5.440481,-5.450481
7.619519,8.859519,9.169519,10.489519,12.199519,13.039519,13.739519,12.849519,9.629519,6.019519,2.039519,-1.9804809,-3.7604809,-2.630481,-3.820481,-3.240481,-5.190481,-5.820481,-6.060481,-5.860481,-6.550481,-6.860481,-6.820481,-5.4004807,-4.120481,-3.120481,-1.690481,-0.43048096,1.7995191,3.109519,4.239519,4.989519,4.919519,4.639519,4.659519,5.719519,4.769519,5.429519,3.899519,2.4695191,-0.34048095,-2.0104809,-3.200481,-4.890481,-6.9204807,-8.650481,-9.360481,-9.450481,-8.6604805,-8.800481,-8.470481,-7.980481,-8.150481,-7.470481,-7.160481,-6.780481,-6.340481,-6.350481,-6.280481
5.749519,6.639519,6.929519,7.399519,8.549519,9.169519,9.459519,9.429519,7.819519,5.999519,4.219519,1.459519,-0.720481,-2.360481,-4.790481,-5.6504807,-6.960481,-6.850481,-6.760481,-5.850481,-5.440481,-5.160481,-4.770481,-4.310481,-2.5404809,-1.3304809,-0.98048097,0.56951904,1.8895191,4.219519,5.409519,5.479519,5.269519,4.749519,4.669519,5.309519,6.039519,5.809519,3.4595191,0.849519,-0.99048096,-1.9804809,-3.640481,-5.510481,-6.680481,-8.100481,-8.990481,-9.4104805,-9.420481,-8.570481,-7.890481,-7.820481,-7.440481,-7.090481,-7.100481,-6.460481,-6.140481,-5.760481,-5.500481
2.039519,4.699519,5.159519,5.369519,6.319519,6.219519,6.999519,6.639519,6.779519,5.439519,2.849519,1.369519,-0.46048096,-1.9504809,-2.940481,-4.030481,-5.070481,-6.970481,-8.190481,-7.820481,-6.6704807,-5.690481,-4.320481,-2.620481,-2.240481,-1.680481,-0.76048094,0.99951905,2.759519,3.4595191,4.729519,5.719519,6.529519,7.589519,7.089519,6.8495193,7.729519,6.839519,3.389519,-0.86048096,-2.690481,-3.7604809,-5.500481,-6.160481,-7.160481,-9.040481,-10.030481,-10.300481,-8.820481,-8.480481,-7.220481,-6.320481,-5.520481,-5.450481,-4.910481,-4.750481,-4.730481,-4.820481,-4.930481
-0.27048096,1.3895191,2.829519,3.769519,3.669519,4.009519,4.719519,5.109519,3.659519,2.149519,1.699519,0.79951906,-0.09048095,-1.670481,-2.350481,-3.120481,-3.820481,-4.250481,-5.240481,-5.620481,-5.260481,-4.560481,-4.210481,-3.870481,-2.7804809,-1.170481,0.49951905,1.9095191,2.4595191,3.839519,5.3295193,6.719519,8.019519,7.689519,7.869519,8.399519,9.0895195,8.609519,5.769519,0.54951906,-2.340481,-4.230481,-4.790481,-5.800481,-6.940481,-8.130481,-9.020481,-8.520481,-7.780481,-7.620481,-6.680481,-5.4004807,-4.560481,-3.960481,-3.910481,-3.870481,-3.470481,-3.000481,-3.080481
-3.070481,-1.540481,-4.8095704E-4,0.87951905,2.2095191,2.619519,2.659519,2.9595191,3.039519,2.139519,-0.52048093,-1.4804809,-1.7204809,-2.5304809,-3.330481,-3.610481,-4.480481,-4.590481,-4.910481,-4.450481,-4.440481,-4.540481,-4.020481,-3.690481,-3.100481,-1.7204809,-0.970481,0.97951907,2.399519,4.239519,5.609519,6.989519,7.769519,8.659519,8.709519,9.909519,10.139519,9.929519,8.139519,4.129519,-0.87048095,-2.660481,-4.320481,-6.280481,-6.760481,-7.870481,-6.9004807,-7.040481,-6.660481,-6.730481,-5.060481,-4.350481,-3.610481,-2.740481,-2.210481,-1.8304809,-1.520481,-1.370481,-1.620481
-5.280481,-3.830481,-1.4704809,-1.010481,-1.760481,-0.38048095,0.91951907,1.319519,1.999519,2.309519,2.759519,-1.310481,-3.450481,-4.060481,-4.100481,-4.280481,-4.000481,-3.5104809,-2.980481,-3.610481,-4.450481,-4.970481,-5.040481,-4.500481,-2.370481,-2.440481,-2.080481,0.49951905,1.589519,3.2095191,4.789519,6.009519,7.459519,8.379519,9.119519,9.689519,10.599519,10.529519,8.889519,10.269519,5.319519,-1.870481,-5.130481,-5.530481,-4.970481,-5.600481,-5.630481,-5.230481,-5.030481,-4.1704807,-3.420481,-2.740481,-1.900481,-1.420481,-1.290481,-0.95048094,-0.76048094,-0.80048096,-0.74048096
-6.330481,-5.790481,-3.500481,-2.480481,-1.800481,-1.3304809,-0.37048095,-0.42048097,-0.74048096,-0.31048095,-0.11048096,0.45951903,-0.10048096,-3.840481,-4.280481,-3.960481,-3.240481,-2.640481,-1.760481,-1.780481,-2.680481,-4.180481,-5.370481,-5.140481,-4.360481,-4.180481,-2.690481,-0.80048096,0.67951906,1.749519,2.889519,4.399519,6.159519,7.449519,8.229519,8.669519,9.049519,9.509519,9.849519,8.969519,8.139519,6.429519,4.749519,2.129519,-0.77048093,-2.610481,-2.7804809,-2.3004808,-2.100481,-2.340481,-2.250481,-1.780481,-1.300481,-0.42048097,-0.13048096,0.029519044,-4.8095704E-4,0.44951904,0.42951906
-7.270481,-6.040481,-4.660481,-5.080481,-3.670481,-1.420481,-2.250481,-1.9504809,-0.540481,-1.810481,-2.0304809,-2.390481,-2.320481,-3.060481,-3.570481,-3.130481,-2.890481,-2.320481,-2.2704809,-1.680481,-1.140481,-1.7004809,-2.840481,-4.230481,-4.390481,-4.660481,-3.140481,-1.9504809,-1.270481,0.33951905,2.079519,3.2395191,4.239519,4.889519,6.029519,7.519519,6.999519,7.8295193,8.319519,8.809519,8.659519,7.219519,5.889519,5.339519,3.9595191,2.769519,1.369519,0.25951904,-0.55048096,-0.86048096,-0.910481,-1.0804809,-1.150481,-1.1104809,-0.68048096,0.10951904,0.69951904,1.079519,1.199519
-7.460481,-6.240481,-4.410481,-4.190481,-4.800481,-3.980481,-2.5104809,-2.5304809,-1.940481,-3.330481,-2.980481,-2.820481,-2.820481,-2.560481,-3.0404809,-3.420481,-3.5104809,-3.380481,-3.220481,-2.600481,-2.8004808,-3.080481,-0.86048096,-4.060481,-5.360481,-4.640481,-3.7804809,-2.750481,-1.6104809,-0.540481,0.57951903,1.459519,2.599519,3.429519,3.9795191,5.389519,6.059519,7.0795193,7.799519,7.019519,6.589519,5.8295193,5.279519,4.809519,3.999519,3.149519,2.789519,2.399519,2.399519,0.709519,1.239519,0.72951907,0.46951905,-0.52048093,-0.64048094,-0.36048096,-0.31048095,0.12951905,0.97951907
-7.370481,-6.160481,-4.390481,-3.810481,-2.720481,-2.370481,-2.600481,-2.900481,-2.7604809,-2.350481,-4.940481,-4.340481,-3.820481,-3.960481,-3.610481,-3.350481,-3.2604809,-2.5404809,-2.320481,-2.5404809,-2.7704809,-2.950481,-3.940481,-3.980481,-3.610481,-3.940481,-4.340481,-3.240481,-2.110481,-0.95048094,-0.51048094,-0.020480957,0.55951905,1.709519,2.7295191,3.119519,4.369519,4.5995193,4.769519,6.009519,6.209519,5.569519,5.049519,4.589519,3.899519,3.829519,3.299519,2.1995192,2.4795191,2.179519,1.999519,1.959519,1.679519,0.33951905,-0.35048094,-0.34048095,-0.120480955,-0.33048096,-0.28048095
-7.210481,-4.620481,-3.080481,-3.110481,-3.420481,-3.330481,-3.420481,-2.7804809,-2.380481,-1.400481,-1.520481,-2.2604809,-3.840481,-4.680481,-4.460481,-3.850481,-3.930481,-3.480481,-3.430481,-3.0104809,-2.560481,-3.140481,-3.500481,-3.870481,-4.280481,-4.200481,-4.360481,-3.7904809,-2.8004808,-1.780481,-1.020481,-0.590481,-0.600481,-0.23048095,0.62951905,1.929519,3.319519,4.059519,5.499519,5.469519,5.799519,6.059519,5.379519,4.8295193,3.259519,4.769519,3.4695191,2.779519,2.179519,1.949519,2.2095191,2.529519,1.449519,1.249519,0.009519043,-0.530481,-1.0804809,-1.420481,-1.440481
-4.230481,-4.040481,-2.560481,-1.410481,-2.0304809,-2.8004808,-2.070481,-2.940481,-2.500481,-2.580481,-3.180481,-3.600481,-3.840481,-5.110481,-5.460481,-5.460481,-5.260481,-4.520481,-3.820481,-3.2804809,-3.450481,-3.5504808,-3.670481,-3.700481,-3.980481,-4.280481,-4.720481,-4.060481,-3.400481,-2.210481,-1.570481,-1.2204809,-0.540481,0.06951904,0.33951905,0.26951903,1.5095191,4.419519,5.259519,5.389519,5.869519,5.549519,5.5995193,5.929519,3.789519,2.9495192,4.119519,3.609519,1.999519,0.86951905,0.5395191,0.82951903,1.2995191,0.67951906,-0.10048096,-1.420481,-2.630481,-2.650481,-3.200481
-2.310481,-1.070481,-0.57048094,-0.23048095,0.009519043,-0.33048096,-0.720481,-1.150481,-1.430481,-2.080481,-2.690481,-2.980481,-3.390481,-4.140481,-5.000481,-5.880481,-5.550481,-5.060481,-4.610481,-4.790481,-4.730481,-4.560481,-4.4204807,-3.3004808,-3.8004808,-3.820481,-3.710481,-4.240481,-2.700481,-2.620481,-2.720481,-2.060481,-1.4904809,-0.99048096,-0.43048096,0.23951904,1.6695191,4.0995193,4.569519,4.8295193,4.319519,5.389519,5.259519,5.309519,4.919519,4.279519,3.299519,2.159519,1.7595191,0.39951906,-0.13048096,-0.43048096,-0.86048096,-0.37048095,-0.7104809,-2.380481,-3.960481,-4.100481,-5.000481
0.27951905,0.33951905,-4.8095704E-4,-0.26048097,-0.23048095,-0.20048095,-0.80048096,-1.8504809,-2.7604809,-3.420481,-4.1704807,-4.030481,-4.1504807,-4.690481,-5.4204807,-4.970481,-5.340481,-5.250481,-5.280481,-5.390481,-5.240481,-5.4204807,-4.6504807,-3.840481,-3.3004808,-2.870481,-2.870481,-3.360481,-3.360481,-3.0204809,-2.570481,-2.0204809,-1.780481,0.56951904,2.059519,2.639519,3.059519,3.679519,3.269519,3.859519,3.779519,4.679519,4.559519,4.089519,2.689519,2.659519,2.289519,0.649519,0.10951904,-0.25048095,-0.7104809,-1.300481,-1.4604809,-2.3004808,-2.860481,-2.980481,-4.540481,-5.550481,-6.110481
1.739519,1.1495191,1.339519,1.449519,1.8895191,1.0095191,-0.11048096,-0.88048095,-1.160481,-1.800481,-2.610481,-3.440481,-4.630481,-6.830481,-6.700481,-7.350481,-6.220481,-5.770481,-5.680481,-6.140481,-6.450481,-6.040481,-5.410481,-4.480481,-3.330481,-1.9704809,-1.310481,-1.800481,-2.400481,-2.630481,-2.320481,-2.240481,-0.49048096,1.499519,1.939519,2.689519,4.019519,3.919519,3.509519,3.1995192,2.9695191,2.2095191,1.8895191,1.589519,0.85951906,0.30951905,-0.22048096,-0.63048095,-0.95048094,-1.3304809,-2.140481,-2.600481,-2.860481,-3.070481,-3.230481,-4.140481,-4.770481,-5.570481,-7.9004807
2.859519,2.4495192,3.309519,2.149519,1.629519,0.88951904,0.62951905,0.7895191,0.50951904,-0.58048093,-1.310481,-2.170481,-4.290481,-5.500481,-7.010481,-7.760481,-7.540481,-5.580481,-5.520481,-4.940481,-5.050481,-5.840481,-5.710481,-4.460481,-3.950481,-3.640481,-2.840481,-2.900481,-2.590481,-2.390481,-1.920481,-0.77048093,0.14951904,1.729519,3.349519,3.689519,3.249519,3.009519,2.499519,2.2295191,1.469519,0.45951903,-0.040480956,-0.27048096,-0.34048095,-0.61048096,-0.970481,-1.2304809,-1.510481,-1.8504809,-2.3004808,-2.860481,-3.370481,-3.830481,-4.330481,-4.870481,-5.4204807,-6.6504807,-7.9004807
3.2395191,4.0795193,4.019519,4.369519,3.599519,3.139519,3.289519,2.2395191,1.0295191,0.51951903,-0.18048096,-0.34048095,-2.850481,-4.010481,-4.220481,-6.140481,-6.330481,-6.860481,-5.9204807,-4.970481,-5.470481,-4.770481,-3.560481,-3.200481,-3.840481,-3.850481,-3.3004808,-2.400481,-1.820481,-1.410481,-0.56048095,0.74951905,2.929519,3.189519,3.529519,3.689519,3.439519,3.629519,2.879519,1.5495191,0.51951903,-0.060480956,-0.43048096,-0.57048094,-0.83048093,-1.130481,-1.310481,-1.520481,-1.760481,-2.190481,-2.320481,-2.740481,-3.2704809,-4.4204807,-4.490481,-5.190481,-6.430481,-7.260481,-7.380481
3.899519,4.399519,4.299519,4.509519,4.929519,5.169519,5.369519,5.859519,5.709519,4.959519,-1.060481,-1.4604809,-1.140481,-2.830481,-3.180481,-3.440481,-3.720481,-3.920481,-3.7904809,-3.620481,-3.740481,-3.130481,-3.240481,-2.990481,-2.740481,-2.430481,-2.060481,-1.310481,-1.030481,-0.590481,0.16951904,1.089519,1.9195191,2.339519,2.649519,2.879519,3.4895191,4.0795193,4.189519,4.269519,4.149519,3.7095191,3.369519,3.129519,2.869519,2.439519,1.979519,1.319519,0.32951903,-0.25048095,-1.1104809,-1.900481,-2.5204809,-3.100481,-3.610481,-4.250481,-5.280481,-6.230481,-6.280481
