public/data/weather/current/current-wind-surface-level-gfs-1.0.json
{"header": { "discipline":0, "disciplineName":"Meteorological products", "gribEdition":2, "gribLength":78128, "center":7, "centerName":"US National Weather Service - NCEP(WMC)", "subcenter":0, "refTime":"2025-12-04T00:00:00.000Z", "significanceOfRT":1, "significanceOfRTName":"Start of forecast", "productStatus":0, "productStatusName":"Operational products", "productType":1, "productTypeName":"Forecast products", "productDefinitionTemplate":0, "productDefinitionTemplateName":"Analysis/forecast at horizontal level/layer at a point in time", "parameterCategory":2, "parameterCategoryName":"Momentum", "parameterNumber":2, "parameterNumberName":"U-component_of_wind", "parameterUnit":"m.s-1", "genProcessType":2, "genProcessTypeName":"Forecast", "forecastTime":0, "surface1Type":103, "surface1TypeName":"Specified height level above ground", "surface1Value":10.0, "surface2Type":255, "surface2TypeName":"Missing", "surface2Value":0.0, "gridDefinitionTemplate":0, "gridDefinitionTemplateName":"Latitude_Longitude", "numberPoints":65160, "shape":6, "shapeName":"Earth spherical with radius of 6,371,229.0 m", "gridUnits":"degrees", "resolution":48, "winds":"true", "scanMode":0, "nx":360, "ny":181, "basicAngle":0, "lo1":0.0, "la1":90.0, "lo2":359.0, "la2":-90.0, "dx":1.0, "dy":1.0 }, "data":
[rows 78 to 103 of 181, columns 114 to 170 of 360]
-4.2332153,-5.5332155,-5.2932153,-4.433215,-6.953215,-4.7632155,-2.1432154,-9.993216,-6.7732153,-6.2132154,-5.2932153,-1.6432153,-6.3832154,-4.2432156,-2.4032154,0.66678464,2.3367846,2.9067848,1.2367847,-3.1232154,-3.3532152,-4.0232153,-5.5732155,-6.4632154,-7.2532153,-7.9432154,-8.993216,-6.3232155,-6.5732155,-5.5432153,-7.3232155,-7.2132154,-7.7732153,-6.643215,-6.8832154,-7.393215,-7.4432154,-8.013215,-8.233215,-8.443215,-8.353215,-7.973215,-7.4932156,-6.953215,-7.893215,-7.9632154,-8.2832155,-7.393215,-7.4232154,-7.5932155,-8.003216,-8.253216,-7.583215,-7.643215,-7.413215,-8.123216,-9.143215
-3.7232153,-3.6832154,-4.933215,-5.473215,-3.2032154,-2.7632153,-7.5332155,-6.9832153,-2.0332153,-5.163215,-3.1832154,0.29678467,-4.103215,-2.9132154,-0.073215336,1.9667847,2.4367847,3.3867846,2.4967847,-0.41321534,-0.6332153,-2.1832154,-5.143215,-6.0132155,-6.723215,-7.203215,-6.9232154,-6.623215,-6.2532153,-5.5332155,-6.7132154,-6.2632155,-7.0332155,-4.0732155,-6.223215,-7.433215,-7.9832153,-8.703216,-9.043216,-8.063215,-8.0732155,-8.243216,-8.613215,-8.353215,-8.893215,-8.993216,-8.443215,-8.473215,-8.303215,-8.373216,-8.243216,-8.3232155,-8.423215,-8.293216,-8.583216,-9.023215,-9.163216
-3.6732154,-4.3232155,-4.643215,-3.6032152,-3.3932154,-0.8632153,-6.5732155,-2.3032153,-7.8232155,-2.1032152,-2.8832154,-1.6832154,-0.22321533,-0.14321533,1.0267847,2.8167846,2.5867846,2.9167848,2.4167848,1.4967847,-0.12321533,-0.70321536,-3.3332152,-5.3832154,-5.453215,-5.5532155,-4.723215,-5.4232154,-5.703215,-5.5432153,-5.723215,-5.9432154,-6.5632153,-4.933215,-7.103215,-7.2932153,-8.123216,-7.9632154,-8.423215,-8.443215,-8.163216,-8.0732155,-8.3232155,-7.853215,-8.693215,-8.233215,-8.5732155,-7.953215,-8.333216,-8.293216,-8.173215,-7.9432154,-7.6732154,-7.5032153,-7.873215,-8.303215,-8.613215
-2.7332153,-4.1532154,-3.6132154,-2.9732153,0.54678464,-1.0532154,-1.5432153,-3.9732153,-2.2432153,-0.43321532,-3.4032154,-1.1732154,0.46678466,3.1067846,2.0067847,2.5267847,2.5267847,2.9967847,2.8967848,2.9267848,0.52678466,0.6167847,0.27678466,-3.3132153,-4.1332154,-4.5932155,-4.723215,-4.333215,-3.9632154,-3.9632154,-4.203215,-4.183215,-4.9232154,-4.4232154,-6.0632153,-7.913215,-6.393215,-8.093215,-7.8132153,-8.0732155,-8.503216,-8.653215,-8.7832155,-8.253216,-8.0732155,-7.5532155,-7.2132154,-7.3632154,-8.043216,-7.7832155,-7.3232155,-7.2432156,-7.1132154,-7.0032153,-7.1132154,-7.833215,-8.273215
-2.5132153,-3.1832154,-2.9432154,-0.22321533,-2.5332153,-4.7332153,-3.7032154,-3.4732153,-3.9632154,-0.8132153,-0.71321535,-1.0232153,0.6267847,4.0767846,2.5567846,2.1867847,1.9467846,2.1167846,3.3467846,3.2167847,2.0367846,2.5267847,2.2867846,2.6867847,-1.2432153,-2.1232154,-2.2932153,-2.7832153,-3.2732153,-2.5232153,-2.7932153,-2.4132154,-2.6032152,-3.7632153,-3.1932154,-4.623215,-5.0732155,-7.1732154,-7.223215,-7.0232153,-7.953215,-8.673215,-8.233215,-8.023215,-7.873215,-7.623215,-6.9632154,-6.5432153,-5.2632155,-6.3832154,-7.4432154,-7.353215,-7.1132154,-7.473215,-6.913215,-7.1732154,-7.5432153
-2.5332153,-2.6932154,-2.1532154,-0.24321534,-1.7232153,-2.4132154,-1.9832153,-1.5232153,-0.91321534,-1.8132154,-0.003215332,0.6967847,0.13678467,2.1667848,2.6267846,2.4367847,1.2567847,2.1967847,2.5467846,2.6367846,3.9867847,4.3667846,5.0767846,4.6367846,2.7067847,0.91678464,-0.5732153,-1.2332153,-2.1032152,-1.2932153,-1.3932153,-2.1832154,-1.9132153,-0.78321534,-1.8732153,-2.3232152,-4.3632154,-5.5432153,-7.083215,-6.9632154,-6.9832153,-7.9632154,-7.953215,-7.6932154,-7.393215,-6.9832153,-6.603215,-5.333215,-5.1532154,-7.413215,-7.833215,-8.0732155,-7.5132155,-7.6332154,-7.433215,-6.973215,-6.5332155
-3.3032153,-1.9832153,-0.83321536,0.44678468,1.6067847,0.45678467,-0.5532153,-0.43321532,-0.33321533,0.14678466,-3.3032153,-0.98321533,2.1067846,3.8967848,1.5467846,1.7667847,2.3967848,2.2167847,3.6267846,5.416785,6.7667847,6.1767845,6.276785,5.046785,4.7167845,2.1467848,0.95678467,0.016784668,-1.0132153,-0.73321533,-0.34321535,-0.113215335,-0.35321534,0.65678465,-1.4132153,-1.8932153,-2.1832154,-5.0232153,-6.1332154,-6.2632155,-6.0632153,-6.8432155,-7.1332154,-6.9232154,-7.3432155,-6.3032155,-6.2432156,-5.873215,-5.4932156,-7.103215,-7.7532153,-8.103215,-7.433215,-7.3132153,-7.623215,-6.2932153,-5.723215
-1.8132154,-0.113215335,0.066784665,0.30678466,0.6767847,2.0667846,0.95678467,1.0167847,0.91678464,0.51678467,0.9967847,-0.20321533,0.37678468,1.2367847,2.5867846,2.8067846,3.7167847,2.6067846,5.586785,6.9267845,7.2067847,6.7667847,6.7567844,6.7267847,4.1367846,4.026785,2.1467848,2.0767846,0.54678464,-0.10321533,0.83678466,1.5067847,1.1567847,0.08678467,0.45678467,-1.1332153,-2.4032154,-3.6732154,-5.3032155,-5.5632153,-5.3232155,-5.3032155,-6.7332153,-6.353215,-6.5132155,-5.6132154,-6.2732153,-5.9832153,-5.703215,-6.333215,-7.333215,-7.583215,-7.0432153,-7.2732153,-7.0332155,-5.8232155,-5.7532153
-0.27321532,-0.18321534,0.7467847,0.40678465,4.816785,1.8467847,2.6267846,2.3667846,3.3767846,3.1667848,3.3167846,2.3567846,2.2367847,2.5067847,3.4167848,5.4867845,5.2667847,3.4867847,7.586785,7.2567844,7.3867846,7.1167846,7.356785,6.6167846,4.9067845,3.6967847,3.4467847,3.5367846,3.3267846,3.0867846,2.9867847,3.6367846,3.0267847,1.6767846,1.1967846,-0.6732153,-2.1032152,-3.4832153,-4.1532154,-4.6932154,-5.3132153,-4.643215,-5.7532153,-6.2332153,-5.9832153,-5.7332153,-5.873215,-5.723215,-5.223215,-4.853215,-5.873215,-6.623215,-6.7732153,-6.8632154,-6.5532155,-5.9632154,-5.933215
-0.36321533,-0.023215331,1.0067847,0.6867847,3.0467846,0.9267847,1.5667846,1.8267846,3.8067846,4.4967847,3.9867847,4.7467847,5.5167847,5.2367845,5.7667847,6.356785,3.3167846,4.1367846,5.1567845,6.646785,6.7367845,6.376785,7.0967846,6.566785,5.566785,4.4467845,3.8467846,3.2067847,2.6667848,2.6667848,3.5167847,4.1367846,4.4267845,2.7167847,1.5567846,0.24678467,-1.4132153,-2.3032153,-3.0032153,-4.2432156,-4.7132154,-4.6532154,-5.1332154,-6.2332153,-5.5032153,-5.5032153,-5.103215,-5.4032154,-4.7432156,-4.0432153,-4.3032155,-4.7532153,-4.9932156,-5.353215,-6.3832154,-5.0032153,-4.643215
-0.24321534,-0.47321534,0.20678467,0.28678468,2.8467846,0.9367847,0.32678467,1.2667847,2.6767848,6.1167846,4.816785,7.2267847,4.4367847,2.5667846,2.1967847,6.2067847,4.896785,4.4967847,5.7267847,5.2867846,6.3267846,5.9667845,5.9567847,6.3067846,5.086785,4.1867847,4.1867847,3.6967847,3.6167846,4.2167845,4.8267846,4.4567847,4.4267845,3.2767847,2.0367846,1.7067847,0.35678467,-1.3032154,-1.8132154,-3.7032154,-4.1532154,-4.4632154,-4.7332153,-5.9632154,-4.9832153,-3.8732154,-4.8232155,-4.6532154,-4.2132154,-3.7432153,-3.9532154,-4.6532154,-4.9032154,-5.203215,-5.203215,-4.8232155,-3.8332152
-0.42321533,0.056784667,0.37678468,0.32678467,0.5567847,-0.28321534,-1.5732154,0.5567847,0.45678467,1.8567847,0.76678467,1.3767847,2.6767848,0.15678467,1.3267846,3.0467846,2.5567846,5.146785,5.7467847,5.916785,5.3667846,5.9767847,6.2467847,6.336785,4.276785,2.8067846,4.1967845,3.5367846,4.7567844,5.376785,4.7367845,4.586785,3.8567846,3.2867846,2.8067846,2.2267847,1.6767846,-0.39321533,-2.0232153,-3.0432153,-4.183215,-4.7532153,-4.2932153,-4.5332155,-4.8032155,-3.7732153,-4.8832154,-4.4832153,-3.6032152,-4.9632154,-4.5532155,-3.8432152,-5.2832155,-4.7732153,-4.5332155,-4.3432155,-3.4432154
0.066784665,-0.14321533,1.0067847,0.76678467,0.40678465,-0.6132153,1.4167846,0.60678464,2.0367846,3.2667847,5.586785,5.5367846,5.6767845,2.3067846,3.5967846,4.9967847,2.9667847,1.3267846,4.606785,5.416785,-2.0232153,-1.5732154,2.3967848,6.316785,2.9367847,0.79678464,0.18678467,2.9967847,5.6967845,5.9367847,4.7667847,5.0767846,3.7467847,2.7367847,2.8567846,2.0767846,1.8967847,0.026784668,-1.6732154,-2.5432153,-3.9632154,-4.103215,-4.5532155,-4.4932156,-4.3132153,-4.0232153,-3.9632154,-4.3032155,-4.2532153,-3.9732153,-3.8432152,-3.2832153,-4.643215,-4.453215,-4.473215,-3.8032153,-3.2832153
0.17678466,0.24678467,0.7567847,0.89678466,-1.0632154,-1.8732153,0.39678466,0.48678467,-0.83321536,3.1567848,1.2667847,4.526785,2.8767846,3.7367847,5.586785,5.8067846,1.9667847,0.7567847,-0.66321534,0.34678468,-1.2032154,-0.10321533,1.0767846,0.5667847,0.60678464,-0.32321534,0.29678467,1.8567847,4.5967846,4.4967847,2.9567847,4.3467846,3.9867847,3.2667847,3.1867847,1.9467846,1.1567847,0.66678464,-0.73321533,-1.8232154,-3.4332154,-3.8432152,-4.223215,-3.9032154,-3.5332153,-2.9332154,-3.5432153,-3.8732154,-3.8332152,-4.0932155,-4.0932155,-3.8832154,-4.123215,-4.703215,-4.5332155,-4.123215,-3.7532153
0.51678467,1.0467846,0.60678464,-0.42321533,-1.5632154,-2.1932154,0.72678465,0.65678465,5.7567844,4.066785,4.4067845,3.7767847,2.4267848,4.376785,5.1167846,4.6567845,1.8167846,1.7067847,-1.6932154,-0.16321534,1.1767846,5.4267845,1.7867846,1.3367847,-0.8232153,-0.7632153,-2.1132154,-0.44321534,4.8467846,3.5467846,3.0867846,2.1567848,3.9867847,3.0667846,2.9267848,2.3667846,-0.14321533,0.16678467,-0.47321534,-1.8132154,-3.0732152,-3.2932153,-2.6432154,-3.1232154,-2.9432154,-2.1632154,-2.0532153,-2.3132153,-3.5132153,-4.0632153,-4.203215,-4.603215,-4.1932154,-4.083215,-4.2532153,-4.0732155,-3.7032154
0.28678468,0.33678466,0.6767847,1.9867847,0.27678466,0.24678467,0.59678465,-0.003215332,0.8667847,1.7367847,3.4167848,2.9167848,3.2267847,-0.7432153,0.096784666,0.44678468,-0.53321534,0.8667847,1.3267846,-0.49321532,-0.54321533,0.83678466,0.84678465,-0.33321533,-0.25321534,-0.73321533,0.006784668,-0.54321533,1.4967847,2.1767848,3.6867847,3.4367847,3.1267846,1.3167846,3.2167847,0.42678466,2.4867847,-0.31321535,-1.0232153,-1.7532153,-2.5832152,-2.4132154,-1.8332154,-1.2132154,-1.5732154,-1.4032153,-1.6532153,-2.2832153,-3.7932153,-4.3032155,-3.6832154,-3.9332154,-4.0032153,-3.8232152,-3.5232153,-3.8132153,-3.8832154
1.3267846,0.77678466,1.4967847,1.4567847,2.1267846,2.2667847,0.72678465,2.3967848,-0.073215336,1.7867846,3.5067847,2.6567848,2.0667846,5.1567845,3.7967846,5.2367845,5.356785,4.4867845,2.9067848,0.9467847,2.0867846,-0.37321532,-1.0832154,0.64678466,-0.21321534,1.0367846,0.17678466,-0.8232153,0.7367847,0.85678464,0.38678467,1.7767847,1.7467847,1.3267846,1.6967846,0.33678466,-2.2432153,-2.0632153,-0.79321533,-1.7532153,-1.7132154,-2.1132154,-1.3332154,-0.73321533,-0.36321533,-0.26321533,-0.91321534,-2.1032152,-3.4832153,-3.8632154,-3.7732153,-3.3332152,-3.4732153,-3.6932154,-3.2332153,-3.0732152,-3.2632153
0.24678467,0.43678465,0.32678467,1.5467846,1.4667847,1.5367846,0.25678468,3.0767846,3.3767846,2.6367846,3.1367846,3.7767847,2.8967848,2.3667846,2.9967847,4.2467847,5.8467846,4.3467846,3.6467848,5.1167846,4.276785,6.376785,2.4167848,1.4767847,-0.14321533,-0.9932153,-0.10321533,-0.43321532,0.43678465,-0.15321533,0.096784666,-0.34321535,-0.35321534,-2.1132154,-2.0132153,-2.1532154,-1.7532153,0.66678464,-2.2232153,-2.0632153,-2.3432152,-2.3432152,-1.1432153,-0.5132153,-0.023215331,0.43678465,-0.5132153,-2.4232154,-3.1832154,-3.3232152,-3.0632153,-2.7532153,-3.2232153,-2.7332153,-3.5632153,-2.8732154,-2.5232153
-0.77321535,-1.6132153,2.4367847,1.1567847,0.6767847,-0.43321532,2.7367847,2.6567848,4.2267847,4.546785,2.9667847,1.8367847,0.28678468,-0.10321533,2.2667847,1.3967847,1.3867847,2.8967848,3.7367847,4.666785,2.8767846,3.0267847,1.7367847,3.0867846,-1.4532154,-1.4432154,-1.7032154,-1.2832153,0.7567847,1.0767846,-0.48321533,0.43678465,-0.44321534,0.40678465,-2.7332153,-0.90321535,0.23678467,-1.0332153,-1.3632153,-0.89321536,-1.6532153,0.04678467,-0.15321533,-0.97321534,-1.3832153,-1.1832154,-0.42321533,-2.4332154,-2.5532153,-2.9232154,-2.5932152,-2.3332152,-2.4032154,-2.4932153,-2.2532153,-2.3932154,-1.6032153
0.77678466,0.76678467,-2.0832152,-2.5732152,-2.7532153,-1.4432154,0.33678466,-1.1132153,-1.1232153,-1.4032153,-1.4532154,0.8867847,-0.5032153,-1.4432154,1.4067847,-0.7532153,0.41678467,-0.38321534,1.2367847,1.2867846,1.9867847,0.59678465,-1.4432154,-2.4032154,-4.5432153,-2.1732154,-1.3932153,-0.83321536,-1.1832154,0.38678467,-0.34321535,0.10678467,-2.0332153,-1.1332153,0.5067847,-1.2632153,3.9267848,-1.6932154,-1.6032153,-0.91321534,-0.5632153,-2.1332154,-2.0832152,-2.0832152,-2.3732154,-2.7532153,-2.4932153,-2.8832154,-3.1332154,-2.8632154,-1.9032153,-2.7532153,-2.2432153,-2.1732154,-1.9432154,-1.4032153,-1.6532153
0.26678467,0.54678464,1.9167846,-1.6632153,1.7367847,-0.5632153,-3.9232154,-1.9832153,-1.4532154,-0.34321535,0.6967847,-2.3532152,0.17678466,1.9667847,0.39678466,-0.7432153,-0.17321533,-0.77321535,-1.0632154,-2.1232154,-0.96321535,-2.1432154,-2.6132154,-3.6632154,-1.4832153,-1.7832153,-1.7032154,-1.6032153,-1.2032154,-1.6132153,-3.0232153,-0.64321536,0.8667847,-1.3032154,-1.6932154,1.2167847,4.146785,-2.9332154,-2.2932153,-2.9232154,-3.8832154,-3.3332152,-1.7632153,0.37678468,-1.2232153,0.016784668,-4.0732155,-4.143215,-4.3832154,-4.9832153,-3.9932153,-3.9432154,-3.7532153,-3.5232153,-2.8132153,-1.8132154,-1.7632153
-3.8032153,-2.5732152,-2.1032152,-0.84321535,-0.44321534,-2.6732154,-6.163215,-2.1632154,0.9867847,0.42678466,-0.65321535,-0.14321533,0.85678464,4.8267846,1.4967847,0.41678467,-0.36321533,-2.1832154,-2.9332154,-2.3832154,-2.3932154,-2.9432154,-3.1532154,-2.7432153,-4.9432154,-7.7132154,-4.1732154,-2.4432154,-1.7232153,-1.6232153,-4.0532155,-4.2532153,3.0367846,1.6467847,-1.0532154,-0.84321535,1.2267847,-2.0632153,1.1567847,-4.9432154,-5.0732155,-4.8632154,-4.833215,-4.5532155,-4.9232154,-4.9932156,-4.9232154,-1.7132154,-5.2932153,-5.9632154,-5.183215,-5.5632153,-4.833215,-3.9432154,-2.9332154,-3.1632154,-2.5432153
-2.9032154,-2.5132153,-3.0532153,-2.1432154,-3.6432154,-3.7632153,-0.60321534,-2.4932153,-1.8432153,-2.5032153,-2.1332154,0.29678467,2.2667847,2.4967847,1.6467847,0.6767847,1.0967847,-0.8032153,-2.6432154,-2.2132154,-2.3132153,-3.5032153,-4.1532154,-4.433215,-4.6932154,-7.6532154,-6.0432153,-3.2132154,-4.4832153,-6.433215,-7.5332155,-8.773215,-4.9832153,-0.78321534,-0.26321533,0.49678466,-0.9932153,-1.3032154,-5.8632154,-5.5532155,-5.9832153,-6.6332154,-7.3132153,-6.5532155,-6.0232153,-6.2932153,-4.123215,-4.663215,-6.2132154,-5.5532155,-5.413215,-5.5632153,-5.5032153,-4.663215,-3.6432154,-3.3832154,-2.8932154
-2.5732152,-2.1232154,-1.8332154,-1.4332154,-2.8132153,-3.3332152,-3.6832154,-2.4732153,-2.6532154,-3.2532153,-2.0532153,0.53678465,1.6867846,1.6067847,1.1067847,0.9367847,1.1467847,0.96678466,-1.4132153,-1.3432153,-1.7732153,-2.5632153,-3.7232153,-4.9632154,-6.1532154,-7.703215,-5.2432156,-4.8132153,-5.0132155,-7.623215,-6.5132155,-8.333216,-7.9932156,-8.423215,-8.463215,-8.633215,-7.8032155,-5.5632153,-4.1932154,-6.2832155,-7.0632153,-7.5032153,-7.5132155,-6.6932154,-6.7732153,-5.9632154,-5.9232154,-6.4232154,-6.3432155,-4.953215,-4.623215,-4.6932154,-4.473215,-3.7832153,-3.1232154,-3.0332153,-2.9032154
-1.6032153,-1.4532154,-1.0332153,-1.7132154,-1.6532153,-1.5532154,-2.4032154,-1.9632154,-2.5532153,-2.6832154,-1.9032153,0.16678467,1.6267847,1.6767846,1.8067846,1.2267847,1.6867846,0.51678467,-0.36321533,-0.9232153,-1.4532154,-2.9632154,-4.3632154,-4.9632154,-8.0732155,-7.8432155,-5.2432156,-7.4032154,-4.2632155,-6.2932153,-7.333215,-7.623215,-8.2832155,-8.063215,-8.293216,-7.5932155,-6.7432156,-5.8132153,-6.393215,-7.083215,-7.1732154,-7.3132153,-7.183215,-7.0732155,-6.4032154,-5.3232155,-5.5632153,-5.873215,-5.7532153,-5.0232153,-4.0432153,-4.663215,-4.2732153,-3.5132153,-3.1132154,-2.6532154,-2.0432153
-0.9332153,-0.26321533,-0.98321533,-1.1332153,-0.12321533,-0.09321533,-0.6332153,-0.5532153,-1.4932153,-1.2632153,-1.3432153,-0.13321534,1.7667847,2.5467846,2.3367846,2.0967846,1.6667846,0.016784668,-0.13321534,-0.46321532,-1.8732153,-2.5432153,-2.5732152,-4.873215,-7.7132154,-7.7932153,-5.3432155,-7.683215,-4.433215,-5.3232155,-8.743216,-8.5332155,-8.843215,-7.833215,-7.873215,-7.373215,-6.663215,-6.473215,-6.913215,-7.5032153,-7.5432153,-7.0732155,-6.5632153,-5.9232154,-6.413215,-5.683215,-5.393215,-5.2932153,-5.0132155,-5.3832154,-4.433215,-4.473215,-4.5532155,-4.433215,-3.6032152,-3.0732152,-2.0432153
