public/data/weather/current/current-wind-surface-level-gfs-1.0.json
{"header": { "discipline":0, "disciplineName":"Meteorological products", "gribEdition":2, "gribLength":78494, "center":7, "centerName":"US National Weather Service - NCEP(WMC)", "subcenter":0, "refTime":"2025-12-01T00:00:00.000Z", "significanceOfRT":1, "significanceOfRTName":"Start of forecast", "productStatus":0, "productStatusName":"Operational products", "productType":1, "productTypeName":"Forecast products", "productDefinitionTemplate":0, "productDefinitionTemplateName":"Analysis/forecast at horizontal level/layer at a point in time", "parameterCategory":2, "parameterCategoryName":"Momentum", "parameterNumber":3, "parameterNumberName":"V-component_of_wind", "parameterUnit":"m.s-1", "genProcessType":2, "genProcessTypeName":"Forecast", "forecastTime":0, "surface1Type":103, "surface1TypeName":"Specified height level above ground", "surface1Value":10.0, "surface2Type":255, "surface2TypeName":"Missing", "surface2Value":0.0, "gridDefinitionTemplate":0, "gridDefinitionTemplateName":"Latitude_Longitude", "numberPoints":65160, "shape":6, "shapeName":"Earth spherical with radius of 6,371,229.0 m", "gridUnits":"degrees", "resolution":48, "winds":"true", "scanMode":0, "nx":360, "ny":181, "basicAngle":0, "lo1":0.0, "la1":90.0, "lo2":359.0, "la2":-90.0, "dx":1.0, "dy":1.0 }, "data":
[rows 125 to 149 of 181, columns 290 to 347 of 360]
-2.5910985,-5.031099,2.2089014,1.3189014,0.24890137,0.58890134,2.4089015,2.7489014,1.0789014,0.9189014,1.8989013,5.6689014,4.7089014,2.0989013,-1.7110987,-1.1210986,0.43890136,1.9889014,2.3389013,1.4989014,4.0789013,4.718901,5.7889013,6.0789013,6.658901,7.5389013,7.8189015,9.008902,8.648901,8.218902,8.778901,9.288901,9.548902,9.328901,9.888902,11.358901,11.788901,12.958901,13.0889015,3.7389014,-6.5010986,-12.081099,-11.391099,-10.741098,-9.311099,-8.1610985,-8.421099,-7.6210985,-7.3510985,-7.5810986,-8.251099,-6.6610985,-6.361099,-6.031099,-4.4910984,-5.0210986,-4.4810987,-4.9910984
-0.97109866,6.9189014,1.7789013,2.5489013,-1.3010986,-0.81109864,0.058901366,-0.21109863,0.118901365,-0.61109865,-0.73109865,-3.6310987,1.4789014,1.0789014,0.9789014,-0.11109863,-0.27109864,0.44890136,2.5289013,3.6989014,5.5389013,5.7989016,6.388901,6.8089013,7.738901,8.3789015,8.898901,8.368901,8.768902,8.738901,9.358901,7.0789013,8.8789015,8.928902,9.468902,9.198901,10.208901,11.568901,12.828901,6.3989015,4.8189015,-11.381099,-13.181099,-11.961099,-9.091099,-8.701098,-8.051099,-7.361099,-8.3710985,-8.361098,-8.711099,-7.6710987,-7.6010985,-6.2410984,-5.821099,-5.2410984,-5.1010985,-4.781099
0.028901367,4.3289013,5.2589016,1.2389014,-1.4010986,-3.4310987,-2.7310987,-1.8110986,-0.041098632,-0.43109864,-2.2310987,-1.0010986,-1.2010987,1.7789013,0.028901367,2.7089014,1.9289013,1.6789013,3.8089013,4.888901,4.218901,5.5289016,7.5089016,7.8089013,7.9789014,8.538901,8.518902,9.388902,9.998901,10.308902,11.118901,10.598902,9.428902,7.8589015,6.7889013,8.318901,8.308902,10.258902,11.688901,12.5889015,5.2089014,-6.4510984,-10.611098,-10.731098,-9.361098,-8.551099,-8.471099,-8.251099,-7.091099,-6.5210986,-7.281099,-8.021099,-6.5810986,-5.9410987,-3.9210987,-4.2110987,-3.6710987,-2.8810987
1.1789013,4.0789013,0.62890136,3.9189014,2.5989013,-0.5810986,-4.1610985,-3.7610986,-1.7910986,-1.3110986,-1.0010986,-0.101098634,-0.72109866,-2.1210985,1.4389014,1.6589013,1.3989013,1.7889013,1.5789014,3.0789013,5.4389014,7.218901,7.0989013,8.018902,7.5689015,8.428902,8.668901,9.548902,10.238901,10.438901,11.208901,10.648901,11.388902,10.288901,7.0589013,7.1689014,7.2689013,6.9789014,9.658901,10.118901,9.638902,3.2689013,-7.1510987,-9.1610985,-9.611098,-9.301099,-9.181099,-9.301099,-8.531098,-8.1610985,-8.291099,-7.8310986,-8.061099,-6.5410986,-6.611099,-4.6610985,-2.8810987,-2.5810986
1.1089014,0.018901367,1.1889014,0.22890137,-1.6410986,1.2989013,2.4989014,-5.8910985,-8.421099,-3.3910987,-5.2310987,-5.0810986,-3.6110985,-1.8110986,-0.13109863,2.4589014,1.8489014,1.4989014,2.9389014,4.4789014,6.0489016,6.968901,7.2689013,8.518902,9.178902,8.788901,9.788901,10.138902,10.538901,10.748901,11.1289015,11.348902,11.808902,10.678902,9.778901,6.5089016,5.698901,5.3089013,7.5789013,8.918901,9.598902,7.7089014,6.7489014,-10.261099,-11.401098,-10.771099,-10.091099,-10.061099,-9.9110985,-9.191098,-8.961099,-8.471099,-7.6710987,-7.111099,-6.6810985,-6.4910984,-4.9010987,-3.5010986
0.27890137,-1.4810987,-4.861099,-4.591099,-2.2010987,0.68890136,6.3689013,-2.7510986,-6.5010986,-6.1910987,-4.9910984,-3.6610987,-1.9310986,0.34890136,-0.39109862,0.74890137,2.2089014,3.7789013,4.5489016,6.0289016,5.7589016,7.0489016,8.448901,8.898901,8.328901,9.968902,9.988901,10.198901,10.298902,10.658901,11.388902,11.298902,10.258902,10.608901,10.438901,9.358901,4.888901,3.3589013,3.9089015,6.2889013,7.7889013,7.2089014,6.968901,7.198901,-12.631099,-12.831099,-12.201098,-11.101099,-10.761099,-10.601099,-10.421099,-9.581099,-9.281098,-7.7310987,-6.9510984,-6.6810985,-4.3910985,-3.3910987
1.3189014,3.7089014,-3.2210987,-2.1110985,-1.9210986,-1.0610986,-1.0110986,-1.3710986,-4.6210985,-6.3910985,-5.341099,-3.5310986,-2.2610986,-0.9010986,0.028901367,2.0489013,3.4089015,4.6089015,4.9789014,6.3189015,7.928901,8.508902,8.438901,8.498901,9.248901,9.948901,10.518902,10.538901,10.908901,11.318901,11.658901,10.858901,11.158901,10.758902,9.488901,8.778901,7.6889014,3.1589015,3.2789013,3.5289013,5.5689015,7.138901,7.178901,3.3889015,5.5289016,-14.891099,-13.6210985,-12.821098,-12.011099,-11.351099,-10.811099,-10.4110985,-11.131099,-8.611098,-7.2410984,-5.9910984,-6.4210987,-4.8110986
3.3989015,0.8689014,-5.511099,-1.3910986,-3.6110985,-4.9110985,-4.4810987,-7.4610987,-6.2410984,-5.341099,-4.7410984,-2.6410987,-1.8510987,-0.30109864,0.62890136,2.3189013,3.3289013,5.0289016,6.158901,7.0089016,7.0089016,8.168901,8.048902,9.018902,10.018902,10.388902,9.938901,10.978901,11.438901,11.518902,11.788901,11.6289015,10.328901,9.8389015,8.498901,7.3589015,7.0389013,4.4389014,0.95890135,1.2989013,3.4589014,6.3389015,8.458901,4.6089015,2.8489013,-14.6610985,-14.941098,-13.931099,-13.1610985,-12.471099,-11.361098,-10.531098,-9.211099,-8.801099,-7.6910987,-6.1810985,-5.861099,-4.611099
3.6689014,2.1989014,-2.8810987,-3.4810987,-5.2110987,-5.8710985,-6.4010987,-6.611099,-6.3910985,-4.8110986,-3.7110987,-3.3810987,-2.8910987,-2.0310986,0.47890136,2.2289014,3.2789013,4.2989016,5.1489015,5.3589015,6.6289015,8.178902,9.538901,10.518902,10.828901,11.408901,12.098902,12.558902,13.038901,13.038901,12.418901,11.538901,10.798902,9.948901,9.028901,9.028901,6.0689015,4.3389015,3.8189013,-0.06109863,0.8489014,5.2589016,6.8689013,9.098902,9.3789015,-9.801099,-13.631099,-13.441098,-13.471099,-13.331099,-12.731098,-12.011099,-10.391099,-9.271099,-8.101099,-6.281099,-6.1210985,-6.1510987
2.1789014,-4.5810986,-3.0710986,-5.011099,-5.1910987,-6.7510986,-8.021099,-6.9610987,-6.091099,-4.9010987,-3.8610985,-4.0210986,-3.7710986,-2.5610986,0.27890137,1.7889013,3.0089014,3.5089014,4.698901,6.5089016,8.148901,9.218902,9.488901,10.508902,11.158901,11.478901,11.938901,12.858901,13.058902,13.418901,13.678902,13.488901,12.728901,10.828901,9.948901,8.268902,4.5689015,4.448901,1.3589014,-0.031098632,0.6189014,3.8889015,7.0289016,7.2289014,13.458901,-14.791099,-12.961099,-13.831099,-12.801099,-11.511099,-10.271099,-9.581099,-9.3710985,-9.501099,-7.9610987,-6.8110986,-6.2510986,-6.111099
-4.091099,-2.3910987,-5.2010984,-6.3810987,-7.611099,-8.3710985,-8.481098,-7.5210986,-6.9210987,-6.2210984,-5.1210985,-4.6610985,-3.4910986,-2.2110987,0.41890135,1.9989014,2.7789013,4.0389013,5.6889014,6.8689013,8.388902,9.048902,9.738901,9.908901,10.318901,11.398901,11.408901,12.278901,12.3389015,13.678902,13.698901,13.098902,13.228901,12.938901,10.298902,8.608901,5.718901,5.0889015,3.9589014,-2.3710985,-1.8610986,1.8289014,4.2989016,4.928901,9.308902,2.7689013,-6.4410987,-8.551099,-11.011099,-10.301099,-9.6610985,-9.481098,-10.891099,-9.921099,-7.2310987,-6.321099,-6.6410985,-5.9610987
-3.4710987,-5.8510985,-5.1910987,-7.0410986,-11.461099,-10.241098,-8.1210985,-7.3310986,-6.4710984,-6.1810985,-5.051099,-4.9710984,-4.2010984,-2.2310987,-0.5110986,1.5889014,2.5889013,3.9189014,4.8389015,6.4189014,7.8089013,8.488901,9.408901,9.518902,10.068901,10.918901,12.258902,12.728901,12.948901,12.538901,14.108901,14.0889015,13.828901,13.358901,11.218902,8.618901,6.6889014,4.9789014,4.5789013,3.6289015,0.32890138,-0.6310986,1.7889013,-3.4010987,-0.31109864,-3.6010985,-3.0510986,-3.1610987,-7.4410987,-9.031098,-9.091099,-8.091099,-9.571098,-9.331099,-8.861098,-7.9410987,-7.2710986,-7.5610986
-0.85109866,-5.551099,-7.6910987,-7.1410985,-9.791099,-10.311099,-9.091099,-7.9710984,-7.6610985,-6.9710984,-6.3810987,-5.551099,-4.8510985,-2.0410986,-0.93109864,-0.45109862,2.1789014,3.3089013,4.1089015,5.1289015,6.6489015,7.8989015,8.278901,8.618901,9.498901,10.268902,11.388902,12.368901,13.168901,13.498901,13.848902,13.508902,13.318901,12.748901,11.938901,8.548902,7.1889014,2.8689013,3.9089015,4.0489016,5.3989015,-4.821099,-2.8110986,-1.2410986,-2.9610987,-5.4410987,-3.4710987,-4.841099,-4.7310987,-10.331099,-8.821098,-9.521099,-9.041099,-7.4210987,-7.861099,-9.4110985,-9.461099,-8.211099
-4.6410985,-1.9910986,-10.091099,-10.221099,-9.821098,-10.571098,-10.011099,-9.351099,-8.681099,-8.001099,-7.2010984,-5.9110985,-4.781099,-3.6910987,-2.6710987,-1.1610986,-0.14109863,1.1989014,2.9189014,3.8989015,5.678901,6.9389014,8.138902,8.728901,9.488901,9.918901,11.528901,12.328901,12.848902,13.448901,13.488901,14.688901,15.148901,12.358901,9.818901,8.478901,5.7989016,3.4889014,2.5389013,3.1389015,4.1189013,6.5989013,-3.1310987,-5.051099,-5.1810985,-4.2010984,-4.4310985,-5.6310987,-7.821099,-6.7310987,-10.951098,-10.341099,-10.941098,-10.651098,-8.841099,-8.971099,-8.6610985,-6.9410987
-2.1310987,1.2189014,-0.73109865,0.08890137,-9.9110985,-12.701098,-12.1610985,-11.4110985,-9.311099,-8.611098,-7.861099,-6.861099,-5.6410985,-4.6710987,-3.6310987,-2.4310987,-1.5410986,-0.62109864,0.83890134,2.0589013,3.7889013,5.678901,6.988901,7.7489014,8.618901,8.778901,10.288901,11.248901,11.828901,12.218902,12.918901,13.518902,14.3789015,14.318901,10.468902,8.028901,4.9189014,5.5289016,2.1389015,0.7189014,1.0989014,2.7789013,4.0189013,-6.1710987,-6.9710984,-6.6010985,-6.591099,-5.3910985,-6.0210986,-7.5010986,-7.8510985,-9.021099,-10.141099,-10.891099,-10.461099,-9.061099,-8.481098,-8.071098
-1.5410986,2.0189013,3.4889014,2.6189013,1.7189014,-2.9910986,-10.381099,-11.851099,-10.451098,-8.901098,-7.4110985,-6.6310987,-5.5210986,-4.3810987,-3.3510985,-2.3510985,-0.91109866,-1.2310987,-2.9010987,0.18890136,1.4289013,3.1589015,4.678901,6.138901,7.2889013,7.2289014,8.988901,9.928902,11.258902,11.738901,11.318901,12.388902,13.268902,13.118901,11.638902,8.508902,6.948901,3.9289014,1.7789013,1.2189014,0.94890136,-0.051098634,0.94890136,0.6189014,-8.141099,-8.901098,-8.101099,-6.9410987,-7.4910984,-7.281099,-8.891099,-9.6210985,-9.9110985,-9.141099,-9.231098,-8.761099,-7.6210985,-7.0210986
-3.1210985,-5.011099,-1.9210986,1.7789013,1.7089014,-2.4210987,-5.6210985,-8.611098,-8.3710985,-7.1810985,-5.5410986,-4.9310985,-4.261099,-3.9110987,-3.2110987,-2.6310987,-0.56109864,0.5989014,-1.8110986,-3.2110987,-0.9010986,1.4589014,3.3989015,4.718901,5.0689015,7.0489016,8.408901,9.298902,9.958901,10.508902,11.658901,12.1289015,13.448901,14.3789015,9.358901,6.0789013,5.9589014,3.2689013,1.1189014,0.46890137,1.2289014,0.56890136,-2.5210986,-3.3810987,-4.8810987,-8.681099,-9.671099,-8.961099,-8.641099,-7.8510985,-8.311099,-9.131099,-8.561099,-8.141099,-8.1210985,-7.1510987,-6.1410985,-5.5810986
-0.60109866,-3.6810987,-3.8410985,-3.8110986,-3.0210986,-3.5110986,-4.4710984,-4.9110985,-4.9610987,-4.2510986,-4.551099,-2.7810986,-3.1510987,-1.5210986,-1.2010987,-3.2610986,-1.3010986,0.16890137,-5.321099,-3.9310987,-2.5210986,0.6089014,2.6289015,4.2889013,4.7689013,6.198901,7.3389015,8.618901,8.978901,10.028901,10.948901,11.518902,12.238901,12.498901,6.8189015,8.768902,8.888902,5.8689013,3.9489014,0.058901366,-0.7810986,-2.7110987,-5.2110987,-6.301099,-6.6510987,-10.711099,-11.211099,-10.291099,-9.551099,-8.8710985,-8.381099,-8.901098,-8.631099,-7.7210984,-6.9810987,-6.301099,-5.4010987,-4.8710985
-2.6010985,0.06890137,-5.9310985,-5.1810985,-4.8310986,-4.4410987,-3.9110987,-3.1610987,-2.2710986,-1.9010986,-1.7610986,-1.0810987,-0.5910986,-0.38109863,0.52890134,0.19890137,0.51890135,1.6189014,-5.0210986,-4.7910986,-2.9210987,-0.80109864,1.2089014,3.3589013,4.5989013,6.0989013,7.2589016,8.218902,8.858901,9.1289015,9.668901,10.728901,11.8789015,11.298902,7.3089013,11.8789015,12.688901,9.748901,6.428901,4.6489015,1.4789014,-1.6810986,-7.071099,-8.491098,-9.521099,-9.211099,-13.231098,-12.481098,-10.831099,-9.8710985,-9.321098,-8.771099,-8.581099,-7.281099,-6.761099,-5.6810985,-5.4510984,-4.4510984
1.5889014,0.7289014,-0.47109863,-2.1010985,-5.3710985,-4.4610987,-3.6310987,-2.6410987,-0.11109863,-0.13109863,-0.41109863,-0.54109865,-1.5410986,-1.1810986,0.19890137,1.3489014,0.62890136,0.34890136,-6.7710986,-6.261099,-4.6310987,-2.4410987,-0.20109864,2.2489014,4.0789013,5.7289014,6.698901,7.5689015,8.438901,9.168901,9.748901,9.558902,11.268902,6.0989013,6.0789013,13.498901,13.028901,12.688901,9.708901,7.0989013,4.5789013,-3.3210986,-7.1010985,-9.141099,-9.781098,-10.921099,-13.531098,-12.351099,-10.831099,-9.851099,-9.071098,-7.7410984,-7.9910984,-6.9110985,-6.1710987,-5.7710986,-4.9010987,-4.3910985
-1.1610986,0.06890137,0.87890136,1.5189013,-3.9510987,-7.2110987,-2.8010986,0.49890137,1.7789013,0.9889014,-0.40109864,1.6389014,0.15890136,0.56890136,1.9889014,1.1789013,1.7689013,1.5489013,-3.6510987,-7.9010987,-6.4310985,-4.6710987,-1.8910986,0.75890136,3.0689013,4.5089016,5.5789013,6.718901,7.5489016,8.288901,7.8689013,8.268902,7.718901,7.178901,7.2689013,10.438901,11.898901,13.658901,12.468902,8.388902,4.3189015,-2.7610986,-5.3310986,-6.9410987,-10.071098,-12.701098,-11.861098,-11.671099,-11.701098,-9.211099,-9.151098,-8.511099,-7.2910986,-7.4510984,-6.6510987,-5.361099,-4.0210986,-3.1010985
-7.8810987,-5.4110985,-3.3710985,-4.4410987,-2.5910985,-1.2910986,-1.3410987,-2.1110985,-0.25109863,0.19890137,0.55890137,1.2089014,1.7489014,2.9589014,1.9489014,0.93890136,2.4189014,2.5489013,-0.8210986,-8.061099,-8.6210985,-6.761099,-4.1610985,-1.0910987,1.8089013,3.7589014,5.0189013,5.658901,6.238901,7.468901,6.9989014,6.7489014,8.308902,7.2489014,7.9589014,9.268902,10.368901,11.5889015,11.908901,10.348902,5.468901,-1.9510987,-4.9310985,-8.011099,-9.271099,-9.731098,-10.081099,-10.201098,-9.451098,-8.751099,-8.491098,-7.4810987,-7.1710987,-6.7710986,-6.2910986,-5.261099,-3.6010985,-2.0610986
-8.561099,-5.7910986,-5.1310987,-4.1210985,-2.6810987,-2.6510987,-2.2110987,-1.7210987,-0.92109865,0.16890137,2.1289015,1.9589014,1.9789014,2.7289014,2.5089014,1.7189014,1.6789013,2.0689013,1.4889014,-3.9910986,-9.971099,-8.651098,-5.9210987,-2.7110987,0.40890136,3.0789013,3.9389014,5.1689014,5.7789016,6.1089015,6.7989016,7.0389013,6.9789014,7.3489013,7.7089014,7.8789015,8.228901,9.008902,9.678902,8.298902,7.698901,5.4189014,-1.7210987,-4.511099,-7.2210984,-9.011099,-9.6610985,-8.551099,-7.6710987,-7.1610985,-7.1410985,-6.9110985,-6.1310987,-5.6710987,-5.051099,-3.8710985,-2.8610985,-0.98109865
-7.2910986,-6.6810985,-5.5210986,-4.9710984,-3.7410986,-2.2910986,-1.1110986,0.018901367,0.41890135,1.1889014,1.0689014,1.0789014,1.5489013,2.5189013,2.9689014,2.4489014,2.3789015,2.3889015,2.8389013,0.008901367,-11.641099,-9.191098,-6.611099,-3.2210987,-0.11109863,2.5089014,3.9189014,4.6189013,4.9789014,5.6289015,5.8689013,6.3389015,6.4189014,6.638901,5.8589015,5.8689013,5.9589014,5.5389013,6.0789013,5.0289016,4.0489016,2.7489014,1.8889014,0.9689014,-0.99109864,-3.2710986,-5.2310987,-6.591099,-6.4310985,-6.1410985,-6.031099,-5.5810986,-5.1510987,-4.2210984,-3.5810986,-3.4710987,-2.1610987,-2.1010985
-5.4510984,-5.551099,-5.0210986,-4.1910987,-2.8010986,-1.7410986,-0.6310986,0.08890137,0.33890137,0.87890136,1.4389014,2.3889015,2.9889014,3.3189013,4.3689013,3.9789014,4.408901,5.6289015,3.3489013,-5.321099,-8.961099,-7.6710987,-5.6210985,-2.5910985,0.62890136,2.8589013,4.2289014,4.238901,4.5589013,5.1889014,5.3189015,5.0589013,5.8389015,6.3689013,4.6689014,4.138901,3.2789013,1.6889014,1.5389013,2.0089014,0.08890137,-1.8510987,-2.2210987,-1.2110987,-3.8610985,-4.4810987,-5.341099,-5.7510986,-5.551099,-5.3510985,-5.0610986,-3.9610987,-3.5610986,-3.5710986,-2.6710987,-2.3110986,-2.5710986,-3.1310987
