public/data/weather/current/current-wind-surface-level-gfs-1.0.json
{"header": { "discipline":0, "disciplineName":"Meteorological products", "gribEdition":2, "gribLength":78793, "center":7, "centerName":"US National Weather Service - NCEP(WMC)", "subcenter":0, "refTime":"2025-12-04T00:00:00.000Z", "significanceOfRT":1, "significanceOfRTName":"Start of forecast", "productStatus":0, "productStatusName":"Operational products", "productType":1, "productTypeName":"Forecast products", "productDefinitionTemplate":0, "productDefinitionTemplateName":"Analysis/forecast at horizontal level/layer at a point in time", "parameterCategory":2, "parameterCategoryName":"Momentum", "parameterNumber":3, "parameterNumberName":"V-component_of_wind", "parameterUnit":"m.s-1", "genProcessType":2, "genProcessTypeName":"Forecast", "forecastTime":0, "surface1Type":103, "surface1TypeName":"Specified height level above ground", "surface1Value":10.0, "surface2Type":255, "surface2TypeName":"Missing", "surface2Value":0.0, "gridDefinitionTemplate":0, "gridDefinitionTemplateName":"Latitude_Longitude", "numberPoints":65160, "shape":6, "shapeName":"Earth spherical with radius of 6,371,229.0 m", "gridUnits":"degrees", "resolution":48, "winds":"true", "scanMode":0, "nx":360, "ny":181, "basicAngle":0, "lo1":0.0, "la1":90.0, "lo2":359.0, "la2":-90.0, "dx":1.0, "dy":1.0 }, "data":
[rows 104 to 129 of 181, columns 0 to 58 of 360]
3.829519,4.149519,3.879519,3.669519,3.689519,3.609519,3.409519,3.579519,3.089519,2.889519,3.379519,4.509519,3.869519,0.93951905,0.57951903,-0.42048097,0.839519,-1.190481,-0.83048093,0.91951907,-0.77048093,-0.32048094,0.82951903,-1.770481,-1.500481,-1.010481,-1.0804809,-0.38048095,0.17951904,-0.21048096,-0.23048095,-0.040480956,2.689519,1.479519,1.559519,9.519519,1.729519,0.11951904,-0.43048096,-1.300481,-1.0804809,-5.030481,-3.940481,-2.7804809,-3.340481,-2.450481,-1.780481,-1.940481,-0.18048096,0.99951905,-0.16048096,0.20951904,0.35951903,0.19951904,0.40951905,3.149519,0.659519,0.14951904,0.599519
4.559519,4.499519,4.489519,4.439519,4.759519,3.549519,3.389519,3.399519,3.519519,3.2295191,3.139519,2.159519,2.4595191,-0.83048093,-1.920481,-1.150481,-1.430481,0.47951904,-0.93048096,-1.4504809,-1.800481,-0.590481,-1.270481,0.87951905,1.0195191,-0.34048095,-1.820481,-1.910481,-1.030481,0.13951904,-0.780481,0.39951906,0.73951906,0.46951905,-0.19048096,2.149519,1.439519,0.61951905,0.79951906,-0.41048095,-1.530481,-4.580481,-3.5404809,-3.320481,-2.480481,-2.500481,-2.0204809,-0.68048096,0.05951904,-0.17048095,0.68951905,-1.4904809,-0.790481,0.61951905,-0.09048095,1.129519,1.379519,-0.31048095,-0.98048097
4.489519,4.779519,4.679519,5.159519,4.689519,4.929519,4.819519,3.609519,3.609519,2.019519,1.9095191,1.329519,0.23951904,-0.39048097,-1.870481,0.24951905,-2.0404809,-1.680481,-2.2704809,-1.690481,-1.810481,-1.400481,-1.9604809,-2.190481,-1.550481,-1.380481,-1.430481,-0.080480956,0.40951905,-1.290481,0.74951905,0.99951905,0.72951907,0.969519,2.259519,-0.32048094,-0.16048096,0.45951903,-0.900481,-1.2204809,-1.3604809,-4.720481,-3.740481,-2.630481,-1.9604809,-0.58048093,0.899519,0.839519,0.709519,0.089519046,-1.7304809,-3.600481,0.10951904,-1.070481,0.06951904,0.20951904,1.459519,-1.4504809,-0.81048095
4.479519,5.039519,5.619519,5.409519,5.469519,5.589519,4.219519,3.829519,3.559519,3.269519,1.369519,1.969519,-1.2204809,-1.190481,-1.890481,-2.2904809,-3.160481,-1.690481,0.25951904,0.39951906,-1.290481,-0.590481,-3.330481,-2.320481,-2.950481,-1.1104809,0.32951903,-0.060480956,-0.22048096,0.20951904,0.68951905,1.619519,1.1695191,2.539519,3.309519,2.519519,0.959519,-0.18048096,0.07951904,-1.780481,-4.680481,-4.410481,-3.130481,-1.3604809,0.11951904,0.44951904,0.07951904,-0.080480956,-0.33048096,-0.030480957,-5.030481,-4.110481,-2.610481,-0.30048096,-0.16048096,0.75951904,0.62951905,-2.210481,-2.120481
4.3495193,4.8495193,5.089519,5.269519,5.489519,5.759519,5.389519,5.529519,5.409519,4.619519,2.579519,1.179519,-0.29048097,-4.8095704E-4,1.079519,-0.47048095,-4.4004807,-0.020480957,-0.16048096,0.61951905,-0.40048096,-0.67048097,0.97951907,-0.38048095,-1.620481,-1.280481,0.94951904,0.82951903,0.37951905,2.379519,2.929519,1.999519,2.569519,2.429519,1.5295191,1.449519,0.38951904,-0.33048096,-1.120481,-0.92048097,-1.2404809,-2.0204809,-1.750481,0.46951905,1.5395191,1.739519,0.46951905,0.44951904,0.779519,0.28951904,-4.010481,-4.040481,-3.110481,-1.670481,-0.62048095,1.219519,1.219519,-2.620481,-3.5304809
3.7295191,4.589519,5.219519,5.339519,5.159519,5.559519,5.899519,5.909519,7.279519,6.279519,4.659519,2.299519,-0.51048094,-0.94048095,0.75951904,5.379519,3.889519,0.009519043,-0.56048095,-0.9604809,1.4095191,-0.40048096,0.72951907,-1.260481,0.019519042,1.559519,0.51951903,0.61951905,1.2595191,2.1995192,3.079519,4.089519,2.129519,0.86951905,0.63951904,1.619519,1.109519,1.369519,2.119519,0.969519,1.6495191,3.159519,3.429519,3.4495192,3.399519,0.719519,1.349519,0.91951907,0.34951904,-1.030481,-1.390481,-5.450481,-4.300481,-2.7604809,-1.7104809,-0.020480957,0.55951905,-1.900481,-2.870481
4.0995193,3.9595191,5.149519,6.039519,6.139519,6.759519,6.179519,6.159519,6.969519,7.069519,6.009519,3.9595191,1.479519,-1.540481,0.62951905,3.569519,1.969519,-6.130481,-2.620481,-2.410481,-0.87048095,-2.640481,-0.39048097,1.499519,-0.660481,-1.630481,-0.38048095,0.25951904,0.529519,2.289519,1.739519,2.519519,4.239519,0.68951905,1.739519,3.749519,-0.76048094,-0.530481,0.33951905,2.069519,2.629519,3.399519,5.459519,5.809519,4.749519,0.21951905,0.16951904,1.099519,-0.20048095,-3.380481,-5.960481,-6.720481,-5.540481,-4.300481,-2.5404809,-1.290481,-0.28048095,-1.790481,-2.830481
4.339519,4.8495193,5.309519,5.149519,5.679519,6.119519,6.5995193,6.879519,7.239519,6.739519,6.179519,5.259519,3.179519,-0.86048096,0.30951905,2.549519,4.279519,-0.020480957,-0.20048095,-1.260481,-0.29048097,-0.83048093,2.2395191,-0.030480957,-1.670481,-0.17048095,1.319519,0.5395191,-0.36048096,-0.15048096,1.849519,2.389519,3.7195191,2.619519,2.919519,3.839519,2.379519,0.81951904,1.3995191,1.449519,3.4495192,4.699519,5.429519,6.899519,1.349519,-0.55048096,-1.910481,-1.560481,0.42951906,-2.360481,-8.970481,-7.1504807,-6.6504807,-5.430481,-4.080481,-0.21048096,-0.910481,-3.600481,-3.710481
5.089519,4.719519,5.119519,5.459519,5.959519,6.029519,6.499519,6.739519,7.309519,7.259519,6.989519,6.159519,4.909519,-2.240481,-5.760481,-1.4704809,0.529519,0.18951905,-0.62048095,-2.850481,-4.030481,-2.210481,-1.010481,-2.460481,-2.7604809,-2.690481,-2.350481,-2.130481,-0.99048096,-0.42048097,3.369519,3.289519,3.7095191,3.689519,3.669519,3.859519,6.309519,4.919519,3.549519,2.2395191,3.109519,4.429519,5.139519,5.859519,0.23951904,1.879519,1.429519,0.66951907,0.97951907,-4.450481,-3.640481,-7.000481,-6.320481,-6.280481,-5.570481,2.509519,-4.320481,-3.640481,-4.250481
5.139519,5.089519,5.839519,6.899519,6.969519,7.029519,7.199519,7.219519,7.789519,7.959519,7.659519,6.689519,5.919519,2.809519,-3.570481,-1.010481,0.50951904,2.019519,1.5095191,1.4095191,0.40951905,-1.2304809,-0.910481,0.7895191,-2.430481,-3.5204809,-3.850481,-5.480481,-3.350481,0.76951903,2.429519,3.839519,4.819519,3.679519,2.819519,1.939519,5.529519,5.159519,6.0795193,6.089519,5.389519,4.739519,7.0795193,6.519519,-0.52048093,1.7695191,1.2695191,0.43951905,6.709519,-3.750481,-5.780481,-5.230481,-6.1704807,-6.850481,-6.190481,-3.140481,-3.590481,-4.160481,-4.290481
5.049519,6.039519,6.859519,7.529519,7.679519,7.799519,7.719519,7.109519,7.519519,7.369519,7.289519,6.799519,4.959519,4.409519,0.31951904,-0.80048096,-0.18048096,0.88951904,0.17951904,1.129519,2.659519,3.089519,1.059519,-1.880481,-3.360481,-3.220481,-4.820481,-5.110481,-2.950481,-1.180481,-0.64048094,2.839519,4.5795193,4.039519,2.369519,1.849519,4.839519,5.389519,6.049519,6.649519,6.669519,5.839519,6.169519,6.019519,2.1995192,2.7395191,0.81951904,0.46951905,5.979519,2.029519,-2.680481,-2.690481,-4.930481,-6.020481,-6.310481,-5.440481,-5.850481,-4.950481,-5.600481
5.379519,6.299519,7.5795193,8.069519,8.469519,8.639519,8.619519,8.289519,8.069519,7.569519,7.129519,7.0995193,7.229519,5.459519,2.439519,-4.380481,0.19951904,4.569519,1.999519,1.1695191,2.779519,3.909519,0.049519043,-0.660481,-4.990481,-6.220481,-1.880481,-1.0804809,-1.510481,-5.460481,-1.070481,0.50951904,2.669519,3.089519,7.009519,7.789519,6.989519,4.459519,4.929519,6.029519,6.139519,5.989519,5.139519,4.979519,4.149519,2.559519,1.5295191,1.119519,3.9695191,3.379519,1.579519,-2.860481,-5.530481,-5.410481,-6.9204807,-6.600481,-5.770481,-5.990481,-5.180481
5.3495193,5.799519,7.049519,7.219519,8.139519,8.259519,8.5895195,8.829519,9.159519,9.269519,8.509519,7.879519,7.769519,8.779519,11.079519,-6.270481,-0.35048094,2.099519,1.1595191,3.549519,4.059519,2.369519,0.66951907,0.33951905,0.24951905,-1.2404809,-3.0104809,-2.7604809,-3.140481,-1.280481,-0.95048094,-0.020480957,1.2795191,7.169519,8.209519,7.859519,7.899519,8.169519,8.209519,7.619519,7.269519,7.669519,6.369519,5.609519,4.459519,3.909519,4.269519,5.089519,6.3295193,4.549519,2.839519,0.68951905,0.98951906,-0.900481,-8.090481,-7.660481,-7.620481,-6.160481,-6.6504807
5.219519,5.969519,6.339519,7.229519,7.879519,8.5895195,8.809519,9.449519,9.749519,10.199519,10.399519,10.659519,10.769519,10.869519,10.819519,13.729519,1.129519,2.749519,2.2195191,4.629519,3.759519,3.519519,1.109519,0.649519,0.63951904,-1.4604809,-2.2804809,0.35951903,-1.250481,-0.76048094,-1.3504809,0.07951904,1.089519,5.669519,7.809519,8.399519,7.619519,7.189519,7.519519,7.759519,7.189519,8.879519,8.729519,9.399519,6.669519,4.219519,4.259519,4.699519,5.289519,5.139519,3.2395191,3.289519,3.379519,3.779519,-7.830481,-7.740481,-8.380481,-7.800481,-6.4204807
4.809519,4.729519,5.459519,6.669519,7.369519,7.789519,8.789519,8.909519,9.249519,9.579519,9.5895195,9.949519,10.299519,10.039519,9.319519,7.389519,2.679519,0.11951904,0.25951904,-0.16048096,1.869519,3.139519,3.509519,1.2795191,0.21951905,0.44951904,1.589519,-1.060481,-0.47048095,0.85951906,0.74951905,-0.49048096,0.779519,5.159519,6.179519,7.009519,7.389519,6.679519,6.439519,6.649519,6.069519,6.909519,7.059519,7.119519,7.529519,8.129519,7.629519,6.089519,4.319519,4.229519,4.229519,2.929519,2.999519,4.529519,3.2195191,-6.370481,-6.210481,-6.930481,-7.770481
4.119519,3.4595191,4.209519,5.399519,6.039519,6.459519,7.569519,8.109519,8.8395195,9.059519,9.289519,9.829519,10.329519,9.649519,9.179519,9.229519,8.909519,0.99951905,3.529519,3.269519,0.48951903,0.62951905,3.309519,3.099519,0.55951905,0.56951904,1.1495191,0.85951906,-1.190481,-2.580481,-0.120480955,0.17951904,4.199519,5.819519,5.609519,5.439519,6.189519,4.749519,5.5995193,6.049519,5.199519,5.869519,6.659519,5.859519,5.409519,5.699519,7.369519,7.5995193,8.109519,8.099519,4.439519,4.409519,0.67951906,1.5195191,0.849519,0.39951906,-7.510481,-4.220481,-6.060481
4.0795193,4.339519,3.779519,4.8295193,5.049519,5.969519,6.549519,7.029519,7.409519,7.929519,8.049519,8.559519,8.959519,9.429519,9.539519,9.199519,8.359519,8.579519,0.589519,4.209519,0.19951904,2.509519,2.789519,4.499519,2.939519,3.659519,3.559519,1.709519,-0.42048097,0.22951904,0.13951904,2.769519,5.649519,6.499519,6.449519,5.419519,5.759519,6.809519,6.309519,6.539519,6.8295193,6.789519,5.009519,5.8495193,6.3295193,4.3295193,4.569519,6.589519,7.869519,7.549519,5.769519,1.999519,2.349519,-0.13048096,-0.38048095,-0.67048097,-1.1004809,-8.120481,-7.310481
3.309519,3.429519,2.9495192,3.289519,4.039519,4.149519,5.799519,5.919519,6.139519,6.629519,6.439519,7.999519,8.549519,8.729519,9.579519,9.359519,8.599519,4.689519,-0.09048095,-0.75048095,2.669519,3.009519,1.569519,2.649519,1.4195191,3.809519,2.389519,2.779519,0.019519042,1.099519,0.589519,5.719519,6.289519,6.189519,5.8295193,5.529519,6.179519,5.719519,5.5995193,5.569519,4.769519,5.489519,4.689519,5.199519,5.5995193,5.659519,6.239519,6.279519,6.049519,6.459519,5.489519,4.869519,0.36951905,-1.0904809,-1.6104809,-0.11048096,-1.440481,-1.620481,-3.970481
2.1995192,1.999519,3.029519,3.119519,3.189519,3.7195191,3.829519,4.669519,5.409519,5.359519,5.769519,6.339519,7.479519,8.509519,8.769519,9.559519,9.319519,7.409519,4.039519,0.11951904,-1.570481,3.2295191,1.6395191,1.059519,0.37951905,-1.530481,1.0395191,-0.040480956,-1.4704809,-0.660481,2.569519,4.449519,4.289519,5.319519,4.689519,5.889519,6.019519,5.669519,6.419519,5.459519,4.569519,5.279519,4.589519,4.909519,4.539519,4.999519,4.969519,5.029519,7.049519,5.699519,5.509519,5.809519,7.179519,-0.850481,-1.880481,-1.440481,-2.560481,-2.700481,-3.0204809
1.1495191,1.7995191,1.709519,1.1695191,1.959519,3.189519,1.749519,3.029519,3.639519,3.7095191,4.069519,5.3495193,6.209519,7.489519,8.429519,9.349519,11.159519,10.749519,3.7295191,-0.15048096,3.349519,-0.050480958,-0.67048097,-1.4904809,0.54951906,1.929519,-0.61048096,-0.58048093,-0.720481,1.959519,3.679519,3.909519,4.409519,4.749519,5.629519,5.059519,5.839519,6.5995193,5.479519,5.129519,5.939519,6.0995193,5.759519,5.689519,4.919519,4.879519,3.899519,3.349519,5.159519,5.799519,5.199519,3.579519,3.649519,4.899519,7.879519,-2.960481,-1.550481,-1.920481,-2.590481
-1.140481,0.049519043,0.92951906,1.2995191,0.19951904,0.82951903,2.049519,1.249519,1.579519,2.309519,2.7295191,1.9095191,3.689519,5.3295193,6.679519,7.0795193,7.979519,10.029519,8.899519,0.709519,1.469519,-0.50048095,0.37951905,-0.530481,-2.120481,-1.310481,-0.780481,0.81951904,2.2295191,3.389519,2.9495192,4.3295193,4.779519,4.919519,5.619519,5.909519,5.969519,5.009519,6.199519,6.069519,6.679519,6.0795193,5.389519,6.139519,6.659519,5.659519,5.089519,4.659519,3.2295191,4.369519,4.559519,4.069519,2.079519,3.089519,4.439519,3.359519,-3.580481,-3.0304809,-2.980481
-3.0204809,-3.430481,-1.540481,-0.840481,0.19951904,-1.630481,-0.780481,0.14951904,-0.50048095,0.88951904,1.199519,0.73951906,0.79951906,2.399519,4.189519,4.409519,5.139519,4.609519,3.349519,0.41951904,-1.030481,-1.160481,-0.58048093,-0.24048096,-0.600481,-0.21048096,1.089519,2.129519,3.369519,4.199519,4.209519,6.319519,6.859519,6.229519,5.449519,6.259519,5.239519,6.499519,6.259519,5.8495193,5.979519,5.879519,6.3295193,5.969519,5.149519,6.339519,6.489519,5.359519,4.559519,3.789519,2.999519,3.669519,1.949519,0.92951906,2.259519,3.579519,1.239519,-3.5304809,-3.240481
3.269519,-3.950481,-4.090481,-3.5404809,-2.930481,-2.880481,-2.670481,-2.340481,-2.380481,-1.6004809,-0.92048097,0.55951905,-1.130481,-0.94048095,0.089519046,1.749519,2.179519,1.2995191,0.099519044,-1.370481,-1.7004809,-1.6104809,-1.140481,-1.160481,-0.21048096,0.91951907,2.4695191,3.639519,4.529519,5.149519,5.629519,5.029519,6.0995193,5.789519,6.589519,7.149519,6.689519,6.8295193,7.469519,6.249519,5.299519,6.229519,5.749519,4.8295193,3.9895191,3.7395191,3.629519,3.629519,3.309519,3.4495192,1.829519,1.349519,0.69951904,1.1595191,0.49951905,1.559519,3.069519,0.529519,-3.220481
6.399519,6.179519,-2.870481,-4.760481,-5.460481,-4.840481,-4.320481,-3.930481,-2.750481,-3.180481,-3.0204809,-2.410481,-1.9904809,-1.550481,-2.7704809,-1.680481,-1.2104809,-0.50048095,-1.070481,-1.820481,-2.150481,-2.500481,-2.360481,-1.8404809,-1.290481,0.05951904,1.929519,3.139519,4.439519,5.739519,6.489519,6.799519,6.799519,6.359519,7.449519,6.909519,6.169519,6.369519,7.529519,7.089519,7.169519,6.549519,5.839519,5.489519,4.969519,3.9795191,3.859519,3.319519,2.569519,1.809519,1.1595191,1.4095191,-0.46048096,0.24951905,-0.40048096,-0.32048094,2.2195191,2.349519,7.149519
5.319519,5.749519,5.659519,-1.4804809,-6.720481,-6.970481,-6.050481,-5.890481,-5.4204807,-4.560481,-4.240481,-3.2604809,-2.980481,-2.490481,-1.4804809,-3.620481,-4.840481,-4.1504807,-2.7904809,-2.360481,-2.2804809,-1.6104809,-1.310481,-1.2204809,-0.530481,0.57951903,1.619519,2.9695191,3.4795191,4.559519,5.989519,6.979519,8.5895195,7.469519,7.319519,7.629519,7.769519,6.889519,7.279519,6.689519,6.949519,6.819519,6.409519,5.879519,5.669519,5.5795193,5.039519,3.869519,3.509519,3.299519,1.7995191,0.79951906,-0.61048096,-0.77048093,-1.9704809,-3.3004808,-0.82048094,1.5495191,1.5195191
3.779519,3.7395191,5.139519,4.559519,-5.130481,-8.070481,-6.050481,-7.600481,-8.140481,-6.890481,-5.750481,-4.800481,-4.010481,-3.820481,-3.5204809,-3.2704809,-3.140481,-2.480481,-3.420481,-4.820481,-3.810481,-3.310481,-1.8404809,-1.000481,-0.63048095,0.19951904,1.179519,2.539519,3.879519,4.919519,5.469519,6.679519,7.489519,8.309519,8.079519,7.419519,7.749519,8.309519,8.299519,7.929519,7.879519,7.789519,7.359519,6.539519,5.749519,5.369519,3.919519,3.919519,4.129519,3.529519,3.149519,1.969519,-0.81048095,-0.35048094,-1.9904809,-4.840481,-3.690481,-0.62048095,1.379519
