public/data/weather/current/current-wind-surface-level-gfs-1.0.json
{"header": { "discipline":0, "disciplineName":"Meteorological products", "gribEdition":2, "gribLength":78128, "center":7, "centerName":"US National Weather Service - NCEP(WMC)", "subcenter":0, "refTime":"2025-12-04T00:00:00.000Z", "significanceOfRT":1, "significanceOfRTName":"Start of forecast", "productStatus":0, "productStatusName":"Operational products", "productType":1, "productTypeName":"Forecast products", "productDefinitionTemplate":0, "productDefinitionTemplateName":"Analysis/forecast at horizontal level/layer at a point in time", "parameterCategory":2, "parameterCategoryName":"Momentum", "parameterNumber":2, "parameterNumberName":"U-component_of_wind", "parameterUnit":"m.s-1", "genProcessType":2, "genProcessTypeName":"Forecast", "forecastTime":0, "surface1Type":103, "surface1TypeName":"Specified height level above ground", "surface1Value":10.0, "surface2Type":255, "surface2TypeName":"Missing", "surface2Value":0.0, "gridDefinitionTemplate":0, "gridDefinitionTemplateName":"Latitude_Longitude", "numberPoints":65160, "shape":6, "shapeName":"Earth spherical with radius of 6,371,229.0 m", "gridUnits":"degrees", "resolution":48, "winds":"true", "scanMode":0, "nx":360, "ny":181, "basicAngle":0, "lo1":0.0, "la1":90.0, "lo2":359.0, "la2":-90.0, "dx":1.0, "dy":1.0 }, "data":
[rows 0 to 25 of 181, columns 114 to 170 of 360]
6.9067845,6.856785,6.816785,6.7667847,6.7167845,6.6567845,6.606785,6.546785,6.4867845,6.4267845,6.3667846,6.296785,6.2367845,6.166785,6.0967846,6.0167847,5.9467845,5.8667846,5.796785,5.7167845,5.626785,5.546785,5.4667845,5.376785,5.2867846,5.1967845,5.106785,5.0167847,4.916785,4.8267846,4.7267847,4.626785,4.526785,4.4267845,4.3267846,4.2167845,4.1167846,4.0067844,3.8967848,3.7867846,3.6767848,3.5667846,3.4567847,3.3367846,3.2267847,3.1067846,2.9967847,2.8767846,2.7567847,2.6367846,2.5167847,2.3967848,2.2767847,2.1567848,2.0267847,1.9067847,1.7867846
7.5767846,7.586785,7.5767846,7.586785,7.5767846,7.566785,7.566785,7.5567846,7.546785,7.5367846,7.526785,7.526785,7.5167847,7.5067844,7.4967847,7.4867845,7.4767847,7.4667845,7.4667845,7.4567847,7.4467845,7.4367847,7.4067845,7.376785,7.356785,7.316785,7.2867846,7.2467847,7.2167845,7.1767845,7.1367846,7.0967846,7.0567846,7.0067844,6.9567847,6.9067845,6.856785,6.796785,6.7367845,6.6967845,6.6367846,6.5967846,6.5367846,6.4867845,6.4267845,6.376785,6.3267846,6.276785,6.2267847,6.166785,6.1167846,6.046785,5.9967847,5.9367847,5.876785,5.816785,5.7567844
6.0567846,6.126785,6.1967845,6.2667847,6.3267846,6.396785,6.4467845,6.4967847,6.526785,6.546785,6.566785,6.566785,6.566785,6.586785,6.5967846,6.6167846,6.6567845,6.7067847,6.7467847,6.796785,6.836785,6.8667846,6.896785,6.9367847,6.9567847,6.9867845,7.0067844,7.0167847,7.0367846,7.0567846,7.0567846,7.086785,7.0967846,7.1167846,7.126785,7.1367846,7.166785,7.1767845,7.1967845,7.2067847,7.1967845,7.1767845,7.1567845,7.146785,7.146785,7.1567845,7.166785,7.166785,7.1767845,7.1767845,7.1867847,7.1967845,7.2067847,7.2167845,7.2367845,7.2467847,7.2667847
5.2367845,5.2567844,5.2867846,5.336785,5.396785,5.4267845,5.4267845,5.4467845,5.4767847,5.5067844,5.546785,5.5967846,5.5967846,5.5967846,5.5767846,5.566785,5.546785,5.5367846,5.5367846,5.5567846,5.6167846,5.6967845,5.7867846,5.876785,5.9367847,5.9767847,6.0167847,6.066785,6.1167846,6.106785,6.0567846,6.0167847,5.9967847,6.0367846,6.0967846,6.146785,6.146785,6.146785,6.166785,6.2067847,6.2467847,6.2867846,6.3467846,6.396785,6.4367847,6.4767847,6.566785,6.666785,6.7067847,6.7267847,6.7567844,6.816785,6.876785,6.9067845,6.9267845,6.9467845,6.9767847
4.0167847,4.0567846,4.1167846,4.146785,4.146785,4.1567845,4.1567845,4.1367846,4.166785,4.1567845,4.1167846,4.0567846,4.0167847,3.9867847,3.9867847,4.0067844,4.0167847,4.046785,4.106785,4.1567845,4.2267847,4.2867846,4.3067846,4.3267846,4.3067846,4.2567844,4.2067847,4.1567845,4.026785,3.8867846,3.8267846,3.8467846,3.9067848,3.9067848,3.9067848,3.9767847,4.106785,4.146785,4.1567845,4.2067847,4.2867846,4.336785,4.376785,4.3667846,4.356785,4.3867846,4.4067845,4.4367847,4.4267845,4.3867846,4.416785,4.4667845,4.4767847,4.4867845,4.4867845,4.4967847,4.5167847
2.1667848,2.3267846,2.4267848,2.4867847,2.5067847,2.5067847,2.4367847,2.3867846,2.4667847,2.4967847,2.5367846,2.5867846,2.5967846,2.5867846,2.6067846,2.6067846,2.5767846,2.5567846,2.5167847,2.5267847,2.5667846,2.5667846,2.5567846,2.5067847,2.4167848,2.2567847,2.1067846,1.9967847,2.0267847,2.1467848,2.1767848,2.1467848,2.0467846,1.9967847,1.9667847,1.9667847,1.9367846,1.8967847,1.8967847,1.8667847,1.7767847,1.6767846,1.6567847,1.7767847,1.9367846,2.0567846,2.0167847,1.9767847,1.9767847,2.0267847,1.9967847,1.9567847,2.0267847,2.1167846,2.1767848,2.1867847,2.1867847
0.71678466,0.7467847,0.7367847,0.6767847,0.58678466,0.5567847,0.47678468,0.36678466,0.28678468,0.20678467,0.096784666,-0.013215332,-0.06321533,-0.04321533,0.056784667,0.07678467,-0.003215332,-0.06321533,-0.113215335,-0.18321534,-0.21321534,-0.17321533,-0.073215336,-0.06321533,-0.17321533,-0.26321533,-0.32321534,-0.42321533,-0.49321532,-0.49321532,-0.49321532,-0.5632153,-0.6232153,-0.66321534,-0.70321536,-0.77321535,-0.79321533,-0.8032153,-0.79321533,-0.6132153,-0.49321532,-0.53321534,-0.6132153,-0.5632153,-0.40321532,-0.47321534,-0.6232153,-0.7532153,-0.7532153,-0.6332153,-0.52321535,-0.49321532,-0.5132153,-0.5032153,-0.5132153,-0.47321534,-0.49321532
-1.3832153,-1.4732153,-1.5332153,-1.5332153,-1.4832153,-1.3932153,-1.3532153,-1.4132153,-1.5032153,-1.5632154,-1.5832154,-1.5132153,-1.4632154,-1.4932153,-1.5532154,-1.5032153,-1.3732153,-1.3532153,-1.3932153,-1.4132153,-1.4132153,-1.3532153,-1.3332154,-1.4232154,-1.3732153,-1.3432153,-1.4632154,-1.6532153,-1.7032154,-1.6132153,-1.5632154,-1.5732154,-1.6532153,-1.6932154,-1.7332153,-1.7932153,-1.8632153,-1.8332154,-1.8232154,-1.8632153,-1.8632153,-1.8532153,-1.8532153,-1.7332153,-1.5432153,-1.5532154,-1.5732154,-1.5332153,-1.5532154,-1.5232153,-1.6232153,-1.6932154,-1.6932154,-1.7232153,-1.7632153,-1.7032154,-1.5932153
-1.8932153,-2.1332154,-2.0932152,-2.0032153,-2.0332153,-2.0132153,-2.1432154,-2.3532152,-2.3432152,-2.1732154,-2.0732152,-2.0932152,-2.0432153,-1.8032154,-2.0332153,-2.1732154,-2.1132154,-2.1832154,-1.9932153,-1.9032153,-1.8632153,-1.8632153,-1.9032153,-1.8532153,-1.5832154,-1.5132153,-1.7132154,-1.8132154,-1.7932153,-1.8332154,-1.8432153,-1.6632153,-1.5132153,-1.5932153,-1.6232153,-1.6132153,-1.6632153,-1.7332153,-1.8332154,-1.8732153,-1.8632153,-1.9232154,-2.0032153,-1.9332154,-1.8832153,-2.0232153,-2.0932152,-2.0432153,-2.0432153,-1.9432154,-1.8132154,-1.6632153,-1.4932153,-1.3032154,-1.1532153,-1.0532154,-0.9232153
-2.2332153,-2.1132154,-2.1632154,-2.3432152,-2.3132153,-2.2232153,-2.1232154,-2.0732152,-2.2832153,-2.5232153,-2.4432154,-2.2632153,-2.2932153,-2.0132153,-2.0332153,-1.8332154,-1.7532153,-1.7932153,-1.7032154,-1.7132154,-1.9432154,-2.0232153,-2.1032152,-2.0732152,-2.0732152,-2.1632154,-2.3732154,-2.3532152,-2.2732153,-2.1232154,-2.0532153,-2.3632154,-2.0932152,-1.8632153,-1.8132154,-1.6632153,-1.4732153,-1.3032154,-1.1532153,-0.9332153,-0.8032153,-0.79321533,-0.8632153,-0.7432153,-0.5632153,-0.25321534,-0.26321533,-0.25321534,-0.113215335,-0.40321532,-0.32321534,-0.35321534,-0.34321535,-0.49321532,-0.58321536,-0.6132153,-0.66321534
-2.8532152,-2.7732153,-2.6632154,-2.6332154,-2.7632153,-2.6732154,-2.3832154,-2.3332152,-2.2432153,-1.9032153,-1.7132154,-1.8232154,-1.7332153,-1.3932153,-1.3132154,-1.2432153,-1.2632153,-1.2632153,-1.6532153,-1.8832153,-1.7832153,-1.6632153,-1.6132153,-1.6732154,-1.8932153,-2.2332153,-2.3632154,-2.2032154,-2.1332154,-2.0732152,-1.9832153,-1.7432153,-1.8532153,-2.1332154,-2.2932153,-2.2432153,-2.1032152,-2.0732152,-2.0532153,-1.8532153,-1.6432153,-1.5632154,-1.4032153,-1.2432153,-0.9932153,-0.91321534,-0.95321536,-0.8032153,-0.71321535,-0.72321534,-0.6732153,-0.6232153,-0.7432153,-0.90321535,-0.89321536,-0.9332153,-1.0332153
-3.4332154,-3.5632153,-3.5032153,-3.5832152,-3.2632153,-3.0532153,-2.9432154,-2.8232152,-2.8132153,-2.5532153,-2.4932153,-2.3332152,-2.0932152,-1.8632153,-1.7332153,-1.5332153,-1.2832153,-1.0632154,-0.8832153,-0.77321535,-0.6832153,-0.5132153,-0.29321533,-0.21321534,-0.22321533,-0.113215335,-0.08321533,-0.13321534,0.096784666,0.25678468,0.7567847,0.97678465,0.89678466,0.49678466,0.24678467,-0.19321533,-0.33321533,0.026784668,-0.003215332,-0.12321533,-0.36321533,-0.6832153,-0.6732153,-0.5132153,-0.37321532,-0.31321535,-0.48321533,-0.6832153,-0.52321535,-0.29321533,-0.12321533,-0.023215331,0.12678467,0.28678468,0.46678466,0.48678467,0.51678467
-4.873215,-4.8432155,-4.7432156,-4.603215,-4.4232154,-4.1732154,-4.0532155,-4.0132155,-3.7532153,-3.5232153,-3.3132153,-3.2032154,-2.9632154,-2.8132153,-2.5032153,-2.3232152,-2.0432153,-1.8332154,-1.7632153,-1.7932153,-1.7232153,-1.4932153,-1.2532153,-1.0232153,-0.91321534,-0.8232153,-0.6332153,-0.5132153,-0.52321535,-0.37321532,-0.29321533,-0.27321532,0.27678466,-0.023215331,0.21678467,0.19678468,-0.033215333,-0.14321533,-0.39321533,-0.113215335,0.17678466,0.36678466,0.43678465,0.77678466,1.0267847,1.1967846,1.3367847,1.2267847,1.0267847,0.9467847,0.77678466,0.58678466,0.65678465,0.85678464,1.1667846,1.5567846,1.9367846
-5.583215,-5.5432153,-5.5532155,-5.5332155,-5.5532155,-5.353215,-5.1132154,-4.8032155,-4.603215,-4.433215,-4.2132154,-4.0632153,-3.8532152,-3.6132154,-3.3132153,-3.0132153,-2.5432153,-1.9732153,-1.4332154,-0.89321536,-0.46321532,-0.20321533,-0.14321533,0.006784668,0.29678467,0.5667847,0.6167847,0.65678465,0.8667847,1.0967847,1.3967847,1.6767846,1.8567847,2.0267847,2.1367846,2.1267846,2.1267846,2.1167846,2.1067846,2.2067847,2.0867846,2.3167846,2.1867847,2.1767848,2.0267847,2.2767847,1.9667847,2.0667846,2.0367846,2.3567846,2.6067846,2.5867846,2.6267846,2.5967846,2.5867846,2.6267846,2.5567846
-3.8832154,-4.7632155,-5.5032153,-5.8132153,-5.6732154,-5.7532153,-5.953215,-5.643215,-5.333215,-4.9432154,-4.6332154,-4.473215,-4.3232155,-3.9032154,-3.6032152,-3.2332153,-3.0932152,-2.9932153,-2.7232153,-2.3132153,-1.7932153,-1.4732153,-1.2732153,-0.91321534,-0.9432153,-0.19321533,0.91678464,-0.48321533,0.76678467,1.6467847,1.4667847,1.5367846,1.5667846,1.4667847,1.3267846,1.2367847,1.1267847,1.2067847,1.4567847,1.7667847,1.9867847,2.1467848,2.3167846,2.4167848,2.3067846,2.3267846,2.3867846,2.4567847,2.5367846,2.3867846,2.3067846,2.5967846,2.7167847,2.8267846,2.8367846,2.8667846,2.9167848
-4.9932156,-5.0232153,-4.8632154,-5.0232153,-5.373215,-5.433215,-5.623215,-5.5432153,-5.353215,-5.2432156,-5.2532153,-4.893215,-4.5432153,-4.473215,-4.413215,-4.3032155,-3.9932153,-3.7932153,-3.5332153,-3.4232154,-3.3432152,-2.8932154,-2.4432154,-2.0332153,-1.8632153,-0.8832153,-0.79321533,-0.7532153,-1.3332154,-0.84321535,-0.59321535,-0.41321534,-0.39321533,-0.15321533,-0.65321535,0.21678467,0.6967847,1.4167846,1.0667846,0.43678465,0.29678467,0.70678467,0.9267847,1.0767846,1.2667847,1.4567847,1.6567847,1.8367847,1.9767847,1.9967847,2.1267846,2.0867846,1.9767847,2.0767846,2.2267847,1.9367846,1.9867847
-4.9032154,-4.7632155,-4.203215,-4.1132154,-4.833215,-3.7232153,-4.0732155,-4.1132154,-4.7332153,-5.083215,-5.203215,-5.143215,-4.5932155,-4.973215,-4.7332153,-4.7332153,-4.5232153,-4.143215,-3.7232153,-3.4432154,-3.3532152,-3.4832153,-3.6032152,-3.5332153,-3.2632153,-2.7232153,-2.2632153,-1.4632154,-2.5232153,-2.4532154,-2.4732153,-2.5632153,-2.5432153,-2.5732152,-2.5332153,-2.4232154,-2.3232152,-2.2832153,-2.1832154,-2.1032152,-2.0132153,-1.8632153,-1.8532153,-1.7332153,-1.5732154,-1.4032153,-1.1732154,-0.9232153,-0.84321535,-0.66321534,-0.38321534,-0.29321533,0.066784665,0.31678468,0.5767847,0.65678465,0.85678464
-3.9532154,-3.9532154,-3.9732153,-3.8232152,-3.3232152,-3.1232154,-2.8832154,-2.6132154,-1.6932154,-2.0932152,-3.3832154,-3.8632154,-4.3032155,-4.4932156,-3.6732154,-3.2932153,-4.1932154,-3.9032154,-3.8932154,-3.5232153,-3.2132154,-3.1532154,-3.1132154,-3.6932154,-3.6432154,-3.4132154,-3.3132153,-3.9632154,-3.4532154,-3.4732153,-3.5632153,-3.6832154,-3.6732154,-3.6432154,-3.5032153,-3.6632154,-3.8332152,-4.0532155,-4.353215,-4.5732155,-4.6532154,-4.6732154,-4.603215,-4.583215,-4.5232153,-4.5532155,-4.4832153,-4.2532153,-4.0332155,-3.8132153,-3.6332154,-3.5532153,-3.5032153,-3.3532152,-3.2632153,-3.1632154,-2.9132154
-2.4332154,-2.9832153,-3.2032154,-3.4132154,-3.5132153,-3.6532154,-3.5132153,-3.1832154,-3.8632154,-4.183215,-3.9932153,-1.0932153,0.6167847,-1.5732154,-0.7632153,-1.5132153,-2.8732154,-3.2032154,-2.8832154,-3.5232153,-2.8232152,-2.5732152,-3.4332154,-3.2132154,-2.9532154,-3.6132154,-3.2432153,-1.8932153,-1.6432153,-2.1032152,-2.4032154,-2.7532153,-3.7732153,-3.5932152,-4.103215,-4.603215,-4.913215,-5.2932153,-5.3132153,-5.1532154,-5.183215,-5.353215,-5.1932154,-5.0032153,-4.6932154,-4.5632153,-4.433215,-4.3132153,-4.0732155,-3.8232152,-3.5532153,-3.3832154,-3.3932154,-3.3132153,-3.6132154,-3.4932153,-3.2832153
-1.9932153,-2.2032154,-2.4232154,-2.6532154,-2.9332154,-3.5732152,-4.163215,-4.1932154,-3.6332154,-2.4332154,-1.9732153,-0.9432153,-1.2432153,0.17678466,-0.5132153,1.7067847,1.1867846,-1.1532153,-2.2032154,-1.0932153,-0.34321535,-0.54321533,-0.6732153,-0.9232153,-0.06321533,-0.6132153,-1.3132154,-1.7532153,-1.6732154,-1.5332153,-1.1732154,-0.5032153,-0.08321533,-0.22321533,0.26678467,0.22678466,-0.9432153,-1.3732153,-0.5032153,-1.0832154,-1.5832154,-1.2932153,-1.0132153,-0.8732153,0.13678467,-0.41321534,-0.42321533,-0.30321532,-0.46321532,-0.073215336,-0.29321533,-0.37321532,-0.42321533,-0.22321533,0.006784668,0.25678468,0.52678466
-0.40321532,-1.5532154,-2.3332152,-2.9632154,-3.9532154,-3.5732152,-2.8932154,-4.683215,-3.2932153,-2.8732154,-2.3332152,-2.2232153,-1.4932153,-1.9532154,-1.5932153,-0.8832153,1.8667847,1.2767847,0.79678464,-0.59321535,-1.3832153,1.1267847,1.1467847,1.2267847,-0.37321532,-0.15321533,0.056784667,-0.48321533,-0.13321534,-0.7532153,-0.46321532,-0.78321534,-0.65321535,-0.71321535,0.11678467,0.38678467,0.35678467,0.16678467,-0.78321534,0.31678468,-0.06321533,-0.71321535,-0.33321533,-0.31321535,-0.15321533,-0.28321534,0.34678468,-1.1932154,-2.8632154,-3.1932154,-2.6632154,-2.5932152,-2.3232152,-1.5332153,-1.3232154,-0.6732153,0.9267847
-0.06321533,-0.78321534,-1.7732153,-2.5832152,-2.1532154,-2.7232153,-3.7232153,-3.7332153,-2.4532154,-1.4632154,-0.6832153,-1.5632154,-1.6032153,-1.4032153,-2.4032154,0.9867847,1.9967847,1.7467847,-1.3732153,0.42678466,0.44678468,-0.36321533,-0.38321534,0.51678467,-0.34321535,0.27678466,-0.023215331,-0.58321536,-0.8732153,-0.5132153,0.26678467,0.5767847,0.90678465,0.89678466,0.33678466,0.34678468,0.45678467,0.096784666,-0.15321533,-0.42321533,-0.113215335,-0.19321533,-0.25321534,-0.79321533,-1.3532153,-2.0232153,-2.4832153,-1.9232154,-2.8932154,-1.2832153,-1.0632154,-0.8232153,2.4467847,0.5067847,-0.44321534,0.26678467,-2.4732153
-0.48321533,-1.0832154,-1.0532154,-1.7132154,-3.3432152,-1.7532153,-2.3332152,-1.8632153,-2.0032153,-1.3832153,-1.7832153,-1.5932153,-1.2232153,-2.1232154,-2.2532153,1.3667847,0.9467847,0.89678466,0.71678466,0.9267847,0.54678464,0.10678467,-0.32321534,0.066784665,-0.06321533,0.17678466,0.056784667,-0.13321534,-0.85321534,-2.1032152,-1.5032153,-1.2532153,-0.5632153,-0.66321534,-0.97321534,0.8867847,0.44678468,0.6967847,0.46678466,-0.7532153,-0.91321534,-1.7832153,-2.0232153,-1.4832153,-1.4032153,-0.6832153,0.29678467,-3.3532152,-2.2132154,-2.4532154,-2.4832153,-2.5332153,-2.0832152,-2.3932154,0.60678464,1.6567847,1.6667846
-0.98321533,-1.1032153,-1.8732153,-2.7332153,-3.1532154,-1.9132153,-2.6432154,-2.5732152,-2.5632153,-2.2032154,-1.8732153,-1.6832154,-1.5132153,-2.5932152,-1.7232153,2.0967846,1.0367846,1.6167847,0.30678466,0.79678464,-0.023215331,-0.66321534,-0.53321534,0.29678467,0.79678464,-1.1832154,0.9967847,0.42678466,-0.84321535,-1.5632154,0.8267847,2.0167847,-0.27321532,-1.4132153,-0.8632153,0.35678467,0.51678467,0.096784666,-0.20321533,-0.48321533,-0.89321536,0.096784666,-1.6032153,-1.5132153,-1.6532153,-0.43321532,-0.90321535,-2.4132154,-0.34321535,-2.4232154,-3.3732154,-2.4732153,-2.6332154,-0.71321535,-0.7532153,-0.7632153,-1.4132153
-0.73321533,-1.0432153,-1.7732153,-2.6332154,-2.0832152,-1.9432154,-1.9232154,-2.8832154,-3.8532152,-3.1832154,-2.1632154,-1.3332154,-1.7432153,-2.1032152,-1.6732154,-1.1932154,2.5067847,1.8267846,0.15678467,-0.25321534,-0.60321534,-0.7632153,-0.38321534,-0.28321534,-2.1332154,-1.2532153,-1.6532153,2.2067847,0.6267847,2.6967847,-1.4132153,-1.1832154,-2.5432153,2.1167846,1.8067846,1.0367846,1.8367847,1.1267847,-1.1132153,0.04678467,-2.1232154,-1.2632153,0.17678466,-1.8832153,-1.4232154,-0.33321533,-2.0332153,-2.5932152,-1.6632153,-1.2832153,-0.97321534,-1.1232153,-1.7232153,-0.8732153,-0.5132153,-0.18321534,0.016784668
-0.9932153,-1.0432153,-1.5032153,-1.5732154,-2.2332153,-2.2732153,-2.0532153,-2.2432153,-2.6832154,-3.7132154,-3.6732154,-3.8232152,-1.4632154,-1.8332154,-2.6732154,-0.34321535,0.44678468,0.26678467,1.6067847,0.19678468,-1.3532153,0.9967847,-0.98321533,-1.8832153,-1.4132153,-0.53321534,-2.0132153,-0.38321534,0.21678467,0.19678468,-1.2332153,-1.5432153,0.38678467,0.70678467,0.006784668,0.58678466,-0.78321534,0.79678464,1.3767847,-1.6432153,-1.3332154,-0.59321535,0.096784666,-1.9032153,-3.1632154,-1.6232153,-1.5432153,-0.73321533,-2.8832154,-1.8232154,-0.46321532,-2.0032153,-0.8832153,0.83678466,-0.113215335,-0.96321535,-0.6732153
